  0.000000000  0.000000000  0.000000000      12
       1      23   -2.447007112   -3.679437054
       1      24   -2.447007112   -3.679437054
       1      25   -1.180760502   -2.223404625
       1      26   -1.180760502   -2.223404625
       1      27    1.773553836    1.561286203
       1      28    1.773553836    1.561286203
       1      29    1.853375370    1.635282649
       1      30    1.853375370    1.635282649
       1      31    2.031173188    1.741632078
       1      32    2.031173188    1.741632078
       1      33    2.036131713    1.735667052
       1      34    2.036131713    1.735667052
  0.000000000  0.041666667  0.000000000      12
       1      23   -2.372420414   -3.692890865
       1      24   -2.372420414   -3.692890865
       1      25   -1.188825751   -2.233420986
       1      26   -1.188825751   -2.233420986
       1      27    1.753575722    1.553565401
       1      28    1.753575722    1.553565401
       1      29    1.868473190    1.643864929
       1      30    1.868473190    1.643864929
       1      31    1.950449476    1.681048779
       1      32    1.950449476    1.681048779
       1      33    2.004431681    1.716123737
       1      34    2.004431681    1.716123737
  0.000000000  0.083333333  0.000000000      12
       1      23   -2.221148446   -3.646843654
       1      24   -2.221148446   -3.646843654
       1      25   -1.219788469   -2.270022712
       1      26   -1.219788469   -2.270022712
       1      27    1.653964937    1.479826922
       1      28    1.653964937    1.479826922
       1      29    1.725681097    1.492310973
       1      30    1.725681097    1.492310973
       1      31    1.906590954    1.624950761
       1      32    1.906590954    1.624950761
       1      33    2.012137908    1.819194863
       1      34    2.012137908    1.819194863
  0.000000000  0.125000000  0.000000000      12
       1      23   -2.136659094   -3.643542985
       1      24   -2.136659094   -3.643542985
       1      25   -1.291968687   -2.350277950
       1      26   -1.291968687   -2.350277950
       1      27    1.445220440    1.245630478
       1      28    1.445220440    1.245630478
       1      29    1.589833242    1.482135177
       1      30    1.589833242    1.482135177
       1      31    1.783015321    1.519096158
       1      32    1.783015321    1.519096158
       1      33    2.197392316    2.022400029
       1      34    2.197392316    2.022400029
  0.000000000  0.166666667  0.000000000      12
       1      23   -2.155413541   -3.722281790
       1      24   -2.155413541   -3.722281790
       1      25   -1.426413899   -2.489927218
       1      26   -1.426413899   -2.489927218
       1      27    1.223352747    1.072858941
       1      28    1.223352747    1.072858941
       1      29    1.587557246    1.497293047
       1      30    1.587557246    1.497293047
       1      31    1.642935516    1.437622720
       1      32    1.642935516    1.437622720
       1      33    2.416477447    2.260718575
       1      34    2.416477447    2.260718575
  0.000000000  0.208333333  0.000000000      12
       1      23   -2.265081852   -3.864951555
       1      24   -2.265081852   -3.864951555
       1      25   -1.624474410   -2.682295211
       1      26   -1.624474410   -2.682295211
       1      27    1.095072271    0.990842982
       1      28    1.095072271    0.990842982
       1      29    1.486709054    1.286376027
       1      30    1.486709054    1.286376027
       1      31    1.714149413    1.686958905
       1      32    1.714149413    1.686958905
       1      33    2.636908279    2.500956025
       1      34    2.636908279    2.500956025
  0.000000000  0.250000000  0.000000000      12
       1      23   -2.423875958   -4.031825277
       1      24   -2.423875958   -4.031825277
       1      25   -1.846884431   -2.886187864
       1      26   -1.846884431   -2.886187864
       1      27    1.073902065    1.007846387
       1      28    1.073902065    1.007846387
       1      29    1.364514292    1.213316862
       1      30    1.364514292    1.213316862
       1      31    1.913761367    1.901289455
       1      32    1.913761367    1.901289455
       1      33    2.838044209    2.720536310
       1      34    2.838044209    2.720536310
  0.000000000  0.291666667  0.000000000      12
       1      23   -2.526107684   -3.899383415
       1      24   -2.526107684   -3.899383415
       1      25   -2.021848838   -3.042371432
       1      26   -2.021848838   -3.042371432
       1      27    1.136521714    1.099096287
       1      28    1.136521714    1.099096287
       1      29    1.281810722    1.194837873
       1      30    1.281810722    1.194837873
       1      31    2.156041626    2.148006670
       1      32    2.156041626    2.148006670
       1      33    3.007939996    2.906758219
       1      34    3.007939996    2.906758219
  0.000000000  0.333333333  0.000000000      12
       1      23   -2.339822100   -3.704099524
       1      24   -2.339822100   -3.704099524
       1      25   -2.081775322   -3.109798383
       1      26   -2.081775322   -3.109798383
       1      27    1.204361965    1.175810682
       1      28    1.204361965    1.175810682
       1      29    1.296231392    1.298163202
       1      30    1.296231392    1.298163202
       1      31    2.397041707    2.389251080
       1      32    2.397041707    2.389251080
       1      33    3.141943343    3.053959394
       1      34    3.141943343    3.053959394
  0.000000000  0.375000000  0.000000000      12
       1      23   -2.177259268   -3.575539647
       1      24   -2.177259268   -3.575539647
       1      25   -2.013024909   -3.090980950
       1      26   -2.013024909   -3.090980950
       1      27    1.215486642    1.246917020
       1      28    1.215486642    1.246917020
       1      29    1.440102601    1.477497974
       1      30    1.440102601    1.477497974
       1      31    2.601559599    2.592371374
       1      32    2.601559599    2.592371374
       1      33    3.240533815    3.162824816
       1      34    3.240533815    3.162824816
  0.000000000  0.416666667  0.000000000      12
       1      23   -2.052935429   -3.505643161
       1      24   -2.052935429   -3.505643161
       1      25   -1.876754820   -2.989283076
       1      26   -1.876754820   -2.989283076
       1      27    1.242527729    1.328211695
       1      28    1.242527729    1.328211695
       1      29    1.599176280    1.663992260
       1      30    1.599176280    1.663992260
       1      31    2.748325591    2.738095351
       1      32    2.748325591    2.738095351
       1      33    3.306899630    3.236363831
       1      34    3.306899630    3.236363831
  0.000000000  0.458333333  0.000000000      12
       1      23   -1.976061285   -3.475403164
       1      24   -1.976061285   -3.475403164
       1      25   -1.750846813   -2.882304065
       1      26   -1.750846813   -2.882304065
       1      27    1.272798672    1.393668631
       1      28    1.272798672    1.393668631
       1      29    1.727406026    1.811934762
       1      30    1.727406026    1.811934762
       1      31    2.832525570    2.821785621
       1      32    2.832525570    2.821785621
       1      33    3.344817461    3.278637923
       1      34    3.344817461    3.278637923
  0.000000000  0.500000000  0.000000000      12
       1      23   -1.950694983   -3.465368793
       1      24   -1.950694983   -3.465368793
       1      25   -1.700016608   -2.840139906
       1      26   -1.700016608   -2.840139906
       1      27    1.285808166    1.419272323
       1      28    1.285808166    1.419272323
       1      29    1.778335688    1.870170797
       1      30    1.778335688    1.870170797
       1      31    2.859382534    2.848419699
       1      32    2.859382534    2.848419699
       1      33    3.357113714    3.292364277
       1      34    3.357113714    3.292364277
  0.000000000  0.541666667  0.000000000      12
       1      23   -1.976061285   -3.475367134
       1      24   -1.976061285   -3.475367134
       1      25   -1.750846813   -2.882634838
       1      26   -1.750846813   -2.882634838
       1      27    1.272798672    1.394322338
       1      28    1.272798672    1.394322338
       1      29    1.727406026    1.811863230
       1      30    1.727406026    1.811863230
       1      31    2.832525570    2.821507045
       1      32    2.832525570    2.821507045
       1      33    3.344817461    3.278756230
       1      34    3.344817461    3.278756230
  0.000000000  0.583333333  0.000000000      12
       1      23   -2.052935429   -3.505603489
       1      24   -2.052935429   -3.505603489
       1      25   -1.876754820   -2.989679660
       1      26   -1.876754820   -2.989679660
       1      27    1.242527729    1.329066960
       1      28    1.242527729    1.329066960
       1      29    1.599176280    1.663847022
       1      30    1.599176280    1.663847022
       1      31    2.748325591    2.737741462
       1      32    2.748325591    2.737741462
       1      33    3.306899630    3.236318863
       1      34    3.306899630    3.236318863
  0.000000000  0.625000000  0.000000000      12
       1      23   -2.177259268   -3.575314879
       1      24   -2.177259268   -3.575314879
       1      25   -2.013024909   -3.091525027
       1      26   -2.013024909   -3.091525027
       1      27    1.215486642    1.247859512
       1      28    1.215486642    1.247859512
       1      29    1.440102601    1.477204094
       1      30    1.440102601    1.477204094
       1      31    2.601559599    2.592092140
       1      32    2.601559599    2.592092140
       1      33    3.240533815    3.162674364
       1      34    3.240533815    3.162674364
  0.000000000  0.666666667  0.000000000      12
       1      23   -2.339822100   -3.703819950
       1      24   -2.339822100   -3.703819950
       1      25   -2.081775322   -3.110439176
       1      26   -2.081775322   -3.110439176
       1      27    1.204361965    1.176518335
       1      28    1.204361965    1.176518335
       1      29    1.296231392    1.298081204
       1      30    1.296231392    1.298081204
       1      31    2.397041707    2.388994802
       1      32    2.397041707    2.388994802
       1      33    3.141943343    3.053549345
       1      34    3.141943343    3.053549345
  0.000000000  0.708333333  0.000000000      12
       1      23   -2.526107684   -3.899229795
       1      24   -2.526107684   -3.899229795
       1      25   -2.021848838   -3.042812817
       1      26   -2.021848838   -3.042812817
       1      27    1.136521714    1.098959532
       1      28    1.136521714    1.098959532
       1      29    1.281810722    1.195866022
       1      30    1.281810722    1.195866022
       1      31    2.156041626    2.147913271
       1      32    2.156041626    2.147913271
       1      33    3.007939996    2.906043839
       1      34    3.007939996    2.906043839
  0.000000000  0.750000000  0.000000000      12
       1      23   -2.423875958   -4.031524973
       1      24   -2.423875958   -4.031524973
       1      25   -1.846884431   -2.886376023
       1      26   -1.846884431   -2.886376023
       1      27    1.073902065    1.007233923
       1      28    1.073902065    1.007233923
       1      29    1.364514292    1.214312689
       1      30    1.364514292    1.214312689
       1      31    1.913761367    1.901365488
       1      32    1.913761367    1.901365488
       1      33    2.838044209    2.719721579
       1      34    2.838044209    2.719721579
  0.000000000  0.791666667  0.000000000      12
       1      23   -2.265081852   -3.864647439
       1      24   -2.265081852   -3.864647439
       1      25   -1.624474410   -2.682289832
       1      26   -1.624474410   -2.682289832
       1      27    1.095072271    0.990158185
       1      28    1.095072271    0.990158185
       1      29    1.486709054    1.287257460
       1      30    1.486709054    1.287257460
       1      31    1.714149413    1.687182245
       1      32    1.714149413    1.687182245
       1      33    2.636908279    2.500094508
       1      34    2.636908279    2.500094508
  0.000000000  0.833333333  0.000000000      12
       1      23   -2.155413541   -3.722069518
       1      24   -2.155413541   -3.722069518
       1      25   -1.426413899   -2.489820964
       1      26   -1.426413899   -2.489820964
       1      27    1.223352747    1.071940396
       1      28    1.223352747    1.071940396
       1      29    1.587557246    1.497696239
       1      30    1.587557246    1.497696239
       1      31    1.642935516    1.438246980
       1      32    1.642935516    1.438246980
       1      33    2.416477447    2.259998172
       1      34    2.416477447    2.259998172
  0.000000000  0.875000000  0.000000000      12
       1      23   -2.136659094   -3.643515276
       1      24   -2.136659094   -3.643515276
       1      25   -1.291968687   -2.350185707
       1      26   -1.291968687   -2.350185707
       1      27    1.445220440    1.245010264
       1      28    1.445220440    1.245010264
       1      29    1.589833242    1.482370317
       1      30    1.589833242    1.482370317
       1      31    1.783015321    1.519695126
       1      32    1.783015321    1.519695126
       1      33    2.197392316    2.021849131
       1      34    2.197392316    2.021849131
  0.000000000  0.916666667  0.000000000      12
       1      23   -2.221148446   -3.646960223
       1      24   -2.221148446   -3.646960223
       1      25   -1.219788469   -2.269993108
       1      26   -1.219788469   -2.269993108
       1      27    1.653964937    1.480483806
       1      28    1.653964937    1.480483806
       1      29    1.725681097    1.491685501
       1      30    1.725681097    1.491685501
       1      31    1.906590954    1.625086228
       1      32    1.906590954    1.625086228
       1      33    2.012137908    1.818802921
       1      34    2.012137908    1.818802921
  0.000000000  0.958333333  0.000000000      12
       1      23   -2.372420414   -3.692886130
       1      24   -2.372420414   -3.692886130
       1      25   -1.188825751   -2.233399303
       1      26   -1.188825751   -2.233399303
       1      27    1.753575722    1.553934718
       1      28    1.753575722    1.553934718
       1      29    1.868473190    1.643502642
       1      30    1.868473190    1.643502642
       1      31    1.950449476    1.680922870
       1      32    1.950449476    1.680922870
       1      33    2.004431681    1.716175163
       1      34    2.004431681    1.716175163
  0.041666667  0.041666667  0.000000000      12
       1      23   -2.256669131   -3.660904310
       1      24   -2.243980892   -3.636736466
       1      25   -1.208399555   -2.272153239
       1      26   -1.208199208   -2.241090006
       1      27    1.672749584    1.505852860
       1      28    1.690813242    1.500889987
       1      29    1.788956868    1.543199246
       1      30    1.790279806    1.526639710
       1      31    1.919548955    1.659207153
       1      32    1.936484182    1.664293755
       1      33    1.963452445    1.727632050
       1      34    1.996243964    1.803840348
  0.041666667  0.083333333  0.000000000      12
       1      23   -2.136757513   -3.615172088
       1      24   -2.118969613   -3.587693469
       1      25   -1.260262292   -2.331580813
       1      26   -1.259122585   -2.298342466
       1      27    1.528388148    1.301041366
       1      28    1.546446559    1.359815687
       1      29    1.576751961    1.438518919
       1      30    1.619733293    1.478663169
       1      31    1.815052851    1.565281293
       1      32    1.836900211    1.550255930
       1      33    2.118087861    1.928172261
       1      34    2.156086502    1.985685630
  0.041666667  0.125000000  0.000000000      12
       1      23   -2.093277866   -3.633238212
       1      24   -2.073332124   -3.607185748
       1      25   -1.365090632   -2.444412197
       1      26   -1.361311943   -2.406311554
       1      27    1.298614933    1.107343245
       1      28    1.306527927    1.148207170
       1      29    1.523968467    1.453985847
       1      30    1.559979360    1.469198689
       1      31    1.678582071    1.458041358
       1      32    1.700452455    1.447881617
       1      33    2.332400719    2.161494511
       1      34    2.368454619    2.216929387
  0.041666667  0.166666667  0.000000000      12
       1      23   -2.146667146   -3.727253015
       1      24   -2.126869180   -3.704377556
       1      25   -1.535657324   -2.615804221
       1      26   -1.526510512   -2.569409314
       1      27    1.124233700    1.008908200
       1      28    1.127009327    0.981300371
       1      29    1.534394352    1.322400133
       1      30    1.538443052    1.362102670
       1      31    1.580314941    1.546097152
       1      32    1.633254438    1.573206028
       1      33    2.560169530    2.410146512
       1      34    2.593802155    2.462863778
  0.041666667  0.208333333  0.000000000      12
       1      23   -2.276725098   -3.875120712
       1      24   -2.258321605   -3.855017482
       1      25   -1.751747978   -2.819561594
       1      26   -1.733342209   -2.761264125
       1      27    1.034853716    0.954420533
       1      28    1.051194177    0.943345898
       1      29    1.421228243    1.234293957
       1      30    1.426328778    1.299420774
       1      31    1.734590677    1.726195949
       1      32    1.775612891    1.756385536
       1      33    2.775326321    2.645754105
       1      34    2.806520515    2.695739049
  0.041666667  0.250000000  0.000000000      12
       1      23   -2.443317673   -4.041480510
       1      24   -2.425325612   -4.019192523
       1      25   -1.950102724   -3.000379798
       1      26   -1.915840849   -2.927521940
       1      27    1.028123385    0.975059321
       1      28    1.061694114    0.980826643
       1      29    1.342782679    1.215503476
       1      30    1.360217204    1.300129781
       1      31    1.958017055    1.957285462
       1      32    1.994161830    1.982264107
       1      33    2.960504548    2.849676136
       1      34    2.989269917    2.896838155
  0.041666667  0.291666667  0.000000000      12
       1      23   -2.535494524   -3.910504355
       1      24   -2.503314671   -3.849237789
       1      25   -2.046193892   -3.109212033
       1      26   -1.988425133   -3.021898988
       1      27    1.071720863    1.049802797
       1      28    1.119141124    1.056070641
       1      29    1.332043005    1.277156810
       1      30    1.359595416    1.367587027
       1      31    2.207041332    2.207207766
       1      32    2.239270640    2.227657854
       1      33    3.105174969    3.010587536
       1      34    3.131379953    3.054555436
  0.041666667  0.333333333  0.000000000      12
       1      23   -2.443808802   -3.748327701
       1      24   -2.378828480   -3.717710212
       1      25   -2.002818691   -3.128846165
       1      26   -1.926465127   -3.024384567
       1      27    1.136922016    1.164362298
       1      28    1.175004700    1.142545677
       1      29    1.411677477    1.415213078
       1      30    1.426512247    1.484466390
       1      31    2.445125691    2.443762138
       1      32    2.473793302    2.460043715
       1      33    3.203826224    3.122391007
       1      34    3.227282067    3.162698763
  0.041666667  0.375000000  0.000000000      12
       1      23   -2.333459598   -3.679821248
       1      24   -2.259525272   -3.640467240
       1      25   -1.882499857   -3.047976852
       1      26   -1.795839360   -2.937527538
       1      27    1.207687032    1.294539554
       1      28    1.219732023    1.233548803
       1      29    1.539624531    1.627738685
       1      30    1.554053531    1.590607501
       1      31    2.646303262    2.643546848
       1      32    2.671834055    2.656079324
       1      33    3.255989056    3.184145701
       1      34    3.276817960    3.220735822
  0.041666667  0.416666667  0.000000000      12
       1      23   -2.235852813   -3.643662630
       1      24   -2.158363513   -3.606479271
       1      25   -1.752914080   -2.923824869
       1      26   -1.661083508   -2.818841466
       1      27    1.255974141    1.308759960
       1      28    1.267895401    1.403840234
       1      29    1.663280577    1.770757931
       1      30    1.704676759    1.762302667
       1      31    2.794467809    2.791943585
       1      32    2.817901453    2.801890252
       1      33    3.269402548    3.203002081
       1      34    3.288487196    3.236912022
  0.041666667  0.458333333  0.000000000      12
       1      23   -2.181465248   -3.627822877
       1      24   -2.103896768   -3.592976083
       1      25   -1.666917574   -2.838879722
       1      26   -1.574146715   -2.738210004
       1      27    1.276436878    1.351035329
       1      28    1.301852714    1.464732879
       1      29    1.748403104    1.866354018
       1      30    1.805408581    1.873790926
       1      31    2.876169771    2.875050617
       1      32    2.899029157    2.884269742
       1      33    3.263725942    3.198777084
       1      34    3.282442001    3.231938477
  0.041666667  0.500000000  0.000000000      12
       1      23   -2.181465248   -3.627806494
       1      24   -2.103896768   -3.592991517
       1      25   -1.666917574   -2.838928698
       1      26   -1.574146715   -2.738294504
       1      27    1.276436878    1.351211682
       1      28    1.301852714    1.464837825
       1      29    1.748403104    1.866231747
       1      30    1.805408581    1.873858163
       1      31    2.876169771    2.874912119
       1      32    2.899029157    2.884135601
       1      33    3.263725942    3.198724322
       1      34    3.282442001    3.231978664
  0.041666667  0.541666667  0.000000000      12
       1      23   -2.235852815   -3.643620186
       1      24   -2.158363515   -3.606614664
       1      25   -1.752914082   -2.923886105
       1      26   -1.661083511   -2.819087875
       1      27    1.255974140    1.309224310
       1      28    1.267895400    1.404154391
       1      29    1.663280574    1.770354892
       1      30    1.704676756    1.762470301
       1      31    2.794467806    2.791617794
       1      32    2.817901450    2.801552385
       1      33    3.269402548    3.202859262
       1      34    3.288487196    3.236942154
  0.041666667  0.583333333  0.000000000      12
       1      23   -2.333459598   -3.679734855
       1      24   -2.259525272   -3.640705364
       1      25   -1.882499857   -3.048020307
       1      26   -1.795839360   -2.937824560
       1      27    1.207687032    1.294916602
       1      28    1.219732023    1.234245517
       1      29    1.539624531    1.627213306
       1      30    1.554053531    1.590763699
       1      31    2.646303262    2.643181952
       1      32    2.671834055    2.655553352
       1      33    3.255989056    3.184010921
       1      34    3.276817960    3.220637027
  0.041666667  0.625000000  0.000000000      12
       1      23   -2.443808802   -3.748168431
       1      24   -2.378828480   -3.717941444
       1      25   -2.002818691   -3.128930627
       1      26   -1.926465127   -3.024762779
       1      27    1.136922016    1.164599420
       1      28    1.175004700    1.143332317
       1      29    1.411677477    1.415337439
       1      30    1.426512247    1.484120069
       1      31    2.445125691    2.443475239
       1      32    2.473793302    2.459350692
       1      33    3.203826224    3.122353279
       1      34    3.227282067    3.162399159
  0.041666667  0.666666667  0.000000000      12
       1      23   -2.535494525   -3.910189743
       1      24   -2.503314674   -3.849332155
       1      25   -2.046193891   -3.109486536
       1      26   -1.988425133   -3.022308233
       1      27    1.071720861    1.049661253
       1      28    1.119141122    1.056566637
       1      29    1.332043004    1.277552931
       1      30    1.359595415    1.367615223
       1      31    2.207041326    2.207086946
       1      32    2.239270634    2.226907293
       1      33    3.105174967    3.010634194
       1      34    3.131379950    3.054031958
  0.041666667  0.708333333  0.000000000      12
       1      23   -2.443317673   -4.041172610
       1      24   -2.425325612   -4.018980756
       1      25   -1.950102724   -3.000701893
       1      26   -1.915840849   -2.927853840
       1      27    1.028123385    0.974634241
       1      28    1.061694114    0.980900950
       1      29    1.342782679    1.216265347
       1      30    1.360217204    1.300528521
       1      31    1.958017055    1.957378437
       1      32    1.994161830    1.981538625
       1      33    2.960504548    2.849833801
       1      34    2.989269917    2.896153248
  0.041666667  0.750000000  0.000000000      12
       1      23   -2.276725098   -3.874809733
       1      24   -2.258321605   -3.854975246
       1      25   -1.751747978   -2.819819958
       1      26   -1.733342209   -2.761467000
       1      27    1.034853716    0.953904060
       1      28    1.051194177    0.943102314
       1      29    1.421228243    1.235236707
       1      30    1.426328778    1.299973247
       1      31    1.734590677    1.726543223
       1      32    1.775612891    1.755739758
       1      33    2.775326321    2.645901249
       1      34    2.806520515    2.694975116
  0.041666667  0.791666667  0.000000000      12
       1      23   -2.146667143   -3.726984427
       1      24   -2.126869178   -3.704499647
       1      25   -1.535657320   -2.615958542
       1      26   -1.526510507   -2.569497568
       1      27    1.124233703    1.008404329
       1      28    1.127009330    0.980841123
       1      29    1.534394354    1.323372221
       1      30    1.538443054    1.362723671
       1      31    1.580314939    1.546552689
       1      32    1.633254436    1.572726085
       1      33    2.560169525    2.410283077
       1      34    2.593802149    2.462051556
  0.041666667  0.833333333  0.000000000      12
       1      23   -2.093277866   -3.633048375
       1      24   -2.073332124   -3.607414296
       1      25   -1.365090632   -2.444484866
       1      26   -1.361311943   -2.406336381
       1      27    1.298614933    1.106826815
       1      28    1.306527927    1.147864148
       1      29    1.523968467    1.454497161
       1      30    1.559979360    1.469217519
       1      31    1.678582071    1.458514670
       1      32    1.700452455    1.448319123
       1      33    2.332400719    2.161627664
       1      34    2.368454619    2.216203803
  0.041666667  0.875000000  0.000000000      12
       1      23   -2.136757513   -3.615040253
       1      24   -2.118969613   -3.587887588
       1      25   -1.260262292   -2.331606488
       1      26   -1.259122585   -2.298356685
       1      27    1.528388148    1.300764403
       1      28    1.546446559    1.360344512
       1      29    1.576751961    1.438045184
       1      30    1.619733293    1.478617752
       1      31    1.815052851    1.565610038
       1      32    1.836900211    1.550517813
       1      33    2.118087861    1.928268210
       1      34    2.156086502    1.985263614
  0.083333333  0.083333333  0.000000000      12
       1      23   -2.048082490   -3.575052605
       1      24   -2.020824829   -3.539162707
       1      25   -1.344633921   -2.423557311
       1      26   -1.339981514   -2.384045481
       1      27    1.329155682    1.128058514
       1      28    1.344099807    1.172871871
       1      29    1.481919106    1.405573798
       1      30    1.536012076    1.443270043
       1      31    1.687055075    1.469561912
       1      32    1.716453970    1.462529016
       1      33    2.314468811    2.141678282
       1      34    2.363652110    2.212218428
  0.083333333  0.125000000  0.000000000      12
       1      23   -2.023815653   -3.590886295
       1      24   -1.992563525   -3.554806482
       1      25   -1.487025379   -2.569511167
       1      26   -1.474645945   -2.518018149
       1      27    1.145780176    1.006467583
       1      28    1.146003521    0.981841349
       1      29    1.461960404    1.426901764
       1      30    1.504131845    1.410354945
       1      31    1.560696073    1.392526246
       1      32    1.597354583    1.424633034
       1      33    2.546438299    2.395708008
       1      34    2.596298408    2.466947291
  0.083333333  0.166666667  0.000000000      12
       1      23   -2.086873427   -3.676733982
       1      24   -2.055440776   -3.644195927
       1      25   -1.679234299   -2.754147573
       1      26   -1.653238391   -2.684179845
       1      27    1.001358284    0.891543429
       1      28    1.022221424    0.890690530
       1      29    1.456048481    1.286066809
       1      30    1.461163829    1.350017468
       1      31    1.549384935    1.544103167
       1      32    1.617678481    1.598916834
       1      33    2.775239874    2.647609085
       1      34    2.822238686    2.715516766
  0.083333333  0.208333333  0.000000000      12
       1      23   -2.222013687   -3.818099856
       1      24   -2.192783704   -3.789486150
       1      25   -1.870156451   -2.929978482
       1      26   -1.823496165   -2.837648979
       1      27    0.930175001    0.850581942
       1      28    0.972004685    0.867677773
       1      29    1.406366452    1.288818038
       1      30    1.420514272    1.368584395
       1      31    1.720659392    1.730429955
       1      32    1.778687040    1.777509940
       1      33    2.975847527    2.870393939
       1      34    3.018470452    2.933176430
  0.083333333  0.250000000  0.000000000      12
       1      23   -2.396076887   -3.990507254
       1      24   -2.370431138   -3.962141546
       1      25   -1.974332810   -3.042248718
       1      26   -1.904828143   -2.930200160
       1      27    0.934233999    0.890865114
       1      28    0.990843242    0.913007517
       1      29    1.409185347    1.351980115
       1      30    1.430202576    1.436978203
       1      31    1.950042606    1.961285409
       1      32    1.999930323    1.999321334
       1      33    3.131867325    3.046536719
       1      34    3.169094377    3.102870166
  0.083333333  0.291666667  0.000000000      12
       1      23   -2.576217388   -4.158897815
       1      24   -2.552870598   -4.127101583
       1      25   -1.950557521   -3.061608918
       1      26   -1.867085781   -2.934148386
       1      27    1.006592316    1.004049521
       1      28    1.064746054    1.014183190
       1      29    1.460904551    1.459533432
       1      30    1.476989462    1.535169775
       1      31    2.199516583    2.207556781
       1      32    2.241732311    2.236752999
       1      33    3.231910018    3.163819965
       1      34    3.262912357    3.212552736
  0.083333333  0.333333333  0.000000000      12
       1      23   -2.669394213   -4.079355795
       1      24   -2.622632885   -3.984362090
       1      25   -1.847448789   -2.987285050
       1      26   -1.755040062   -2.852408973
       1      27    1.124134995    1.162174658
       1      28    1.161360124    1.138677339
       1      29    1.546390123    1.645849145
       1      30    1.557035639    1.600318516
       1      31    2.441425077    2.445229818
       1      32    2.476496021    2.465946444
       1      33    3.268930265    3.214949231
       1      34    3.293425980    3.255365729
  0.083333333  0.375000000  0.000000000      12
       1      23   -2.613624529   -4.015850498
       1      24   -2.542741809   -3.963535328
       1      25   -1.717913286   -2.861691964
       1      26   -1.617912594   -2.725328053
       1      27    1.233481383    1.243565161
       1      28    1.238252683    1.317578568
       1      29    1.636516612    1.759373765
       1      30    1.694663786    1.762131589
       1      31    2.659615659    2.660060719
       1      32    2.689068203    2.673526183
       1      33    3.242948134    3.199562254
       1      34    3.262055739    3.232327021
  0.083333333  0.416666667  0.000000000      12
       1      23   -2.554474917   -4.003948547
       1      24   -2.479619497   -3.951871904
       1      25   -1.606063682   -2.748296138
       1      26   -1.501519821   -2.612548986
       1      27    1.264120623    1.303904061
       1      28    1.303144419    1.420409253
       1      29    1.734107096    1.861238922
       1      30    1.831342446    1.905995177
       1      31    2.844044589    2.844050647
       1      32    2.873311783    2.854659070
       1      33    3.163147631    3.126236921
       1      34    3.182141156    3.155759152
  0.083333333  0.458333333  0.000000000      12
       1      23   -2.532674293   -3.999786638
       1      24   -2.457023513   -3.947693901
       1      25   -1.560804659   -2.703207262
       1      26   -1.454929499   -2.567875136
       1      27    1.270476606    1.322284179
       1      28    1.320665528    1.453523655
       1      29    1.779738063    1.906077614
       1      30    1.890285235    1.966037976
       1      31    2.948547022    2.954514358
       1      32    3.001242799    2.990770231
       1      33    3.068226366    3.024132246
       1      34    3.110658591    3.079226840
  0.083333333  0.500000000  0.000000000      12
       1      23   -2.554474917   -4.003933261
       1      24   -2.479619497   -3.951982659
       1      25   -1.606063682   -2.748347261
       1      26   -1.501519821   -2.612695468
       1      27    1.264120623    1.304230399
       1      28    1.303144419    1.420534316
       1      29    1.734107096    1.861039303
       1      30    1.831342446    1.906150215
       1      31    2.844044589    2.843703270
       1      32    2.873311783    2.854611836
       1      33    3.163147631    3.125907712
       1      34    3.182141156    3.155907630
  0.083333333  0.541666667  0.000000000      12
       1      23   -2.613624529   -4.015776788
       1      24   -2.542741809   -3.963758580
       1      25   -1.717913286   -2.861688806
       1      26   -1.617912594   -2.725552383
       1      27    1.233481383    1.244130504
       1      28    1.238252683    1.317813153
       1      29    1.636516612    1.759055228
       1      30    1.694663786    1.762298824
       1      31    2.659615659    2.659689204
       1      32    2.689068203    2.673349972
       1      33    3.242948134    3.199186391
       1      34    3.262055739    3.232363934
  0.083333333  0.583333333  0.000000000      12
       1      23   -2.669394213   -4.079078463
       1      24   -2.622632884   -3.984665623
       1      25   -1.847448786   -2.987297858
       1      26   -1.755040058   -2.852681309
       1      27    1.124134998    1.162365343
       1      28    1.161360127    1.139356907
       1      29    1.546390125    1.645556609
       1      30    1.557035642    1.600474278
       1      31    2.441425082    2.444896307
       1      32    2.476496026    2.465565709
       1      33    3.268930265    3.214639701
       1      34    3.293425980    3.255217787
  0.083333333  0.625000000  0.000000000      12
       1      23   -2.576217388   -4.158729245
       1      24   -2.552870598   -4.126694489
       1      25   -1.950557521   -3.061677711
       1      26   -1.867085781   -2.934493894
       1      27    1.006592316    1.004106033
       1      28    1.064746054    1.014777697
       1      29    1.460904551    1.459716260
       1      30    1.476989462    1.535041225
       1      31    2.199516583    2.207291651
       1      32    2.241732311    2.236261249
       1      33    3.231910018    3.163666169
       1      34    3.262912357    3.212257352
  0.083333333  0.666666667  0.000000000      12
       1      23   -2.396076887   -3.990304314
       1      24   -2.370431138   -3.961814139
       1      25   -1.974332810   -3.042421084
       1      26   -1.904828143   -2.930522728
       1      27    0.934233999    0.890737281
       1      28    0.990843242    0.913425582
       1      29    1.409185347    1.352280625
       1      30    1.430202576    1.437050953
       1      31    1.950042606    1.961200446
       1      32    1.999930323    1.998782687
       1      33    3.131867325    3.046481926
       1      34    3.169094377    3.102443343
  0.083333333  0.708333333  0.000000000      12
       1      23   -2.222013691   -3.817880705
       1      24   -2.192783708   -3.789311133
       1      25   -1.870156455   -2.930191356
       1      26   -1.823496168   -2.837900796
       1      27    0.930175000    0.850351852
       1      28    0.972004685    0.867848209
       1      29    1.406366451    1.289287995
       1      30    1.420514272    1.368825391
       1      31    1.720659397    1.730514525
       1      32    1.778687044    1.777042191
       1      33    2.975847531    2.870464115
       1      34    3.018470456    2.932705520
  0.083333333  0.750000000  0.000000000      12
       1      23   -2.086873427   -3.676523440
       1      24   -2.055440776   -3.644149243
       1      25   -1.679234299   -2.754289826
       1      26   -1.653238391   -2.684311959
       1      27    1.001358284    0.891283665
       1      28    1.022221424    0.890609741
       1      29    1.456048481    1.286542808
       1      30    1.461163829    1.350275398
       1      31    1.549384935    1.544374233
       1      32    1.617678481    1.598589079
       1      33    2.775239874    2.647706188
       1      34    2.822238686    2.715072990
  0.083333333  0.791666667  0.000000000      12
       1      23   -2.023815653   -3.590734513
       1      24   -1.992563525   -3.554826677
       1      25   -1.487025379   -2.569591643
       1      26   -1.474645945   -2.518098619
       1      27    1.145780176    1.006297183
       1      28    1.146003521    0.981697978
       1      29    1.461960404    1.426974208
       1      30    1.504131845    1.410421602
       1      31    1.560696073    1.392906620
       1      32    1.597354583    1.424697664
       1      33    2.546438299    2.395781350
       1      34    2.596298408    2.466665933
  0.125000000  0.125000000  0.000000000      12
       1      23   -2.004542262   -3.593396783
       1      24   -1.967663423   -3.557606395
       1      25   -1.652497502   -2.730843134
       1      26   -1.624850538   -2.656569838
       1      27    0.989443393    0.868445820
       1      28    1.011080556    0.870221596
       1      29    1.449143577    1.406425035
       1      30    1.457379704    1.316376145
       1      31    1.491961191    1.430395351
       1      32    1.556583610    1.519991946
       1      33    2.782045610    2.655679751
       1      34    2.833222301    2.728113002
  0.125000000  0.166666667  0.000000000      12
       1      23   -2.067058077   -3.662918968
       1      24   -2.028799011   -3.634810136
       1      25   -1.822873259   -2.892143202
       1      26   -1.773126065   -2.786807136
       1      27    0.874881045    0.782044461
       1      28    0.920071115    0.804326852
       1      29    1.434299605    1.326575478
       1      30    1.444371153    1.402454241
       1      31    1.563637856    1.585084922
       1      32    1.630531187    1.640552187
       1      33    2.998297618    2.896872814
       1      34    3.045281179    2.964506352
  0.125000000  0.208333333  0.000000000      12
       1      23   -2.201041961   -3.800456868
       1      24   -2.167725349   -3.773555825
       1      25   -1.927725280   -2.995861929
       1      26   -1.854167057   -2.869978174
       1      27    0.839003325    0.782746032
       1      28    0.901419349    0.814211895
       1      29    1.455261758    1.401895147
       1      30    1.471010458    1.481972230
       1      31    1.732205251    1.762453391
       1      32    1.789599351    1.806721478
       1      33    3.171984704    3.094079132
       1      34    3.211593262    3.153376062
  0.125000000  0.250000000  0.000000000      12
       1      23   -2.379424860   -3.979380789
       1      24   -2.353487723   -3.952851909
       1      25   -1.926275619   -3.014856752
       1      26   -1.838607770   -2.877775240
       1      27    0.896670587    0.875084730
       1      28    0.965398915    0.902658056
       1      29    1.508956904    1.508224825
       1      30    1.521822529    1.582931547
       1      31    1.950650167    1.978209905
       1      32    1.996940661    2.010066435
       1      33    3.290141990    3.233129030
       1      34    3.319819472    3.281096808
  0.125000000  0.291666667  0.000000000      12
       1      23   -2.573064431   -4.167187944
       1      24   -2.552552844   -4.144362185
       1      25   -1.847228147   -2.949285549
       1      26   -1.751742914   -2.805068167
       1      27    1.029753162    1.032309373
       1      28    1.085800147    1.037522495
       1      29    1.579224650    1.686887627
       1      30    1.586685835    1.634585761
       1      31    2.184927977    2.206129960
       1      32    2.218864835    2.224333929
       1      33    3.346223634    3.306691896
       1      34    3.363725696    3.340736659
  0.125000000  0.333333333  0.000000000      12
       1      23   -2.752846046   -4.339298813
       1      24   -2.735735149   -4.319051620
       1      25   -1.726317442   -2.823020662
       1      26   -1.623723439   -2.674692109
       1      27    1.179983468    1.202317400
       1      28    1.193820128    1.162974180
       1      29    1.647989866    1.789675214
       1      30    1.704842023    1.783131450
       1      31    2.409586930    2.424041516
       1      32    2.429900400    2.427174996
       1      33    3.341655931    3.316072740
       1      34    3.345131896    3.333932369
  0.125000000  0.375000000  0.000000000      12
       1      23   -2.884081309   -4.439163907
       1      24   -2.873366173   -4.441958876
       1      25   -1.596676203   -2.684858941
       1      26   -1.488226541   -2.533941118
       1      27    1.234212423    1.235604168
       1      28    1.267593632    1.326811252
       1      29    1.751517303    1.893587882
       1      30    1.862738406    1.941791823
       1      31    2.604584605    2.613122217
       1      32    2.609788890    2.599474609
       1      33    3.279511788    3.276762198
       1      34    3.291681564    3.276827600
  0.125000000  0.416666667  0.000000000      12
       1      23   -2.930174056   -4.461868564
       1      24   -2.894521936   -4.400342847
       1      25   -1.508852742   -2.594542516
       1      26   -1.397191684   -2.442220212
       1      27    1.232700156    1.258557281
       1      28    1.286727214    1.378874864
       1      29    1.845425852    1.974123815
       1      30    1.982574109    2.054578644
       1      31    2.727199171    2.710800535
       1      32    2.736763495    2.740707963
       1      33    3.207865751    3.210745233
       1      34    3.235211061    3.227874709
  0.125000000  0.458333333  0.000000000      12
       1      23   -2.930174056   -4.461781832
       1      24   -2.894521936   -4.400396618
       1      25   -1.508852742   -2.594564437
       1      26   -1.397191684   -2.442261702
       1      27    1.232700156    1.258651298
       1      28    1.286727214    1.378855200
       1      29    1.845425852    1.974124759
       1      30    1.982574109    2.054664320
       1      31    2.727199171    2.710804107
       1      32    2.736763495    2.740580839
       1      33    3.207865751    3.210801981
       1      34    3.235211061    3.227722771
  0.125000000  0.500000000  0.000000000      12
       1      23   -2.884081309   -4.439182850
       1      24   -2.873366173   -4.441713866
       1      25   -1.596676203   -2.684886518
       1      26   -1.488226541   -2.534079996
       1      27    1.234212423    1.235961848
       1      28    1.267593632    1.326818864
       1      29    1.751517303    1.893498392
       1      30    1.862738406    1.941966047
       1      31    2.604584605    2.612874074
       1      32    2.609788890    2.599404750
       1      33    3.279511788    3.276775501
       1      34    3.291681564    3.276513435
  0.125000000  0.541666667  0.000000000      12
       1      23   -2.752846046   -4.339211788
       1      24   -2.735735149   -4.318736874
       1      25   -1.726317442   -2.823025736
       1      26   -1.623723439   -2.674903054
       1      27    1.179983468    1.202369922
       1      28    1.193820128    1.163470997
       1      29    1.647989866    1.789524012
       1      30    1.704842023    1.783246128
       1      31    2.409586930    2.423767791
       1      32    2.429900400    2.426959561
       1      33    3.341655931    3.315717932
       1      34    3.345131896    3.333857211
  0.125000000  0.583333333  0.000000000      12
       1      23   -2.573064431   -4.167063546
       1      24   -2.552552844   -4.144031094
       1      25   -1.847228147   -2.949273355
       1      26   -1.751742914   -2.805319698
       1      27    1.029753162    1.032361971
       1      28    1.085800147    1.038068137
       1      29    1.579224650    1.686784433
       1      30    1.586685835    1.634716202
       1      31    2.184927977    2.205899139
       1      32    2.218864835    2.224020989
       1      33    3.346223634    3.306479178
       1      34    3.363725696    3.340551261
  0.125000000  0.625000000  0.000000000      12
       1      23   -2.379424860   -3.979247067
       1      24   -2.353487723   -3.952569724
       1      25   -1.926275619   -3.014884404
       1      26   -1.838607770   -2.878045048
       1      27    0.896670587    0.875074593
       1      28    0.965398915    0.903129057
       1      29    1.508956904    1.508340144
       1      30    1.521822529    1.582935552
       1      31    1.950650167    1.978054521
       1      32    1.996940661    2.009722301
       1      33    3.290141990    3.233043678
       1      34    3.319819472    3.280827244
  0.125000000  0.666666667  0.000000000      12
       1      23   -2.201041961   -3.800330242
       1      24   -2.167725349   -3.773377542
       1      25   -1.927725280   -2.995910822
       1      26   -1.854167057   -2.870223346
       1      27    0.839003325    0.782689550
       1      28    0.901419349    0.814518931
       1      29    1.455261758    1.402050762
       1      30    1.471010458    1.482069087
       1      31    1.732205251    1.762438363
       1      32    1.789599351    1.806419375
       1      33    3.171984704    3.094097989
       1      34    3.211593262    3.153085624
  0.125000000  0.708333333  0.000000000      12
       1      23   -2.067058077   -3.662811494
       1      24   -2.028799011   -3.634731115
       1      25   -1.822873259   -2.892208304
       1      26   -1.773126065   -2.786965114
       1      27    0.874881045    0.781976302
       1      28    0.920071115    0.804452426
       1      29    1.434299605    1.326673360
       1      30    1.444371153    1.402587667
       1      31    1.563637856    1.585178157
       1      32    1.630531187    1.640347335
       1      33    2.998297618    2.896930909
       1      34    3.045281179    2.964290693
  0.166666667  0.166666667  0.000000000      12
       1      23   -2.124119404   -3.722735475
       1      24   -2.086185846   -3.700786326
       1      25   -1.911154240   -2.984378401
       1      26   -1.837484482   -2.849273400
       1      27    0.805026540    0.744487491
       1      28    0.869506170    0.779320345
       1      29    1.469587761    1.418568483
       1      30    1.482307202    1.496167641
       1      31    1.647877383    1.687580912
       1      32    1.706529645    1.732791471
       1      33    3.189087832    3.113827368
       1      34    3.228924111    3.173498252
  0.166666667  0.208333333  0.000000000      12
       1      23   -2.253061505   -3.861853113
       1      24   -2.222869112   -3.835956031
       1      25   -1.917829571   -2.995251745
       1      26   -1.828481944   -2.851927310
       1      27    0.835969739    0.804707363
       1      28    0.909882632    0.840773293
       1      29    1.534361512    1.535471401
       1      30    1.544356161    1.608333911
       1      31    1.795896540    1.840566557
       1      32    1.842983773    1.872200773
       1      33    3.330793774    3.279622825
       1      34    3.358562371    3.326050525
  0.166666667  0.250000000  0.000000000      12
       1      23   -2.433313316   -4.039962095
       1      24   -2.410565981   -4.017758711
       1      25   -1.859275015   -2.934482253
       1      26   -1.762053025   -2.784914804
       1      27    0.962182534    0.943268136
       1      28    1.028545008    0.964930530
       1      29    1.605647201    1.718395394
       1      30    1.612448511    1.663440142
       1      31    1.980906665    2.021792105
       1      32    2.013200977    2.037235595
       1      33    3.419634086    3.388828262
       1      34    3.431299721    3.417689868
  0.166666667  0.291666667  0.000000000      12
       1      23   -2.633065263   -4.232348272
       1      24   -2.616412263   -4.215413867
       1      25   -1.752743292   -2.810918498
       1      26   -1.649154097   -2.656020626
       1      27    1.121964697    1.104970111
       1      28    1.151471684    1.091530716
       1      29    1.670904346    1.823480887
       1      30    1.723066965    1.808453904
       1      31    2.170767859    2.204969622
       1      32    2.185532609    2.201790161
       1      33    3.451903599    3.452415259
       1      34    3.459277586    3.444152725
  0.166666667  0.333333333  0.000000000      12
       1      23   -2.818567399   -4.410258454
       1      24   -2.806953349   -4.398288884
       1      25   -1.615725579   -2.655349979
       1      26   -1.505772965   -2.495237497
       1      27    1.192684442    1.162016640
       1      28    1.212019736    1.224136528
       1      29    1.785155861    1.935800746
       1      30    1.895410527    1.976589591
       1      31    2.333632070    2.342794296
       1      32    2.337481496    2.365455111
       1      33    3.433750792    3.443754367
       1      34    3.461029462    3.456730728
  0.166666667  0.375000000  0.000000000      12
       1      23   -2.954192368   -4.540571522
       1      24   -2.946410512   -4.532539275
       1      25   -1.491201257   -2.521956813
       1      26   -1.375992674   -2.357356968
       1      27    1.167133212    1.169503068
       1      28    1.208957803    1.265215088
       1      29    1.928721870    2.050636358
       1      30    2.070217476    2.132728959
       1      31    2.436106003    2.440718075
       1      32    2.455643798    2.479501325
       1      33    3.401199144    3.416692348
       1      34    3.445219846    3.447253774
  0.166666667  0.416666667  0.000000000      12
       1      23   -3.004923525   -4.589397671
       1      24   -2.998728969   -4.583088386
       1      25   -1.439491273   -2.468809653
       1      26   -1.322130171   -2.302335571
       1      27    1.146982832    1.162526631
       1      28    1.193499304    1.267402940
       1      29    1.994320558    2.103632786
       1      30    2.144309303    2.198439368
       1      31    2.473574552    2.476706088
       1      32    2.499485812    2.521921474
       1      33    3.384994074    3.402301175
       1      34    3.435977022    3.440040930
  0.166666667  0.458333333  0.000000000      12
       1      23   -2.954192368   -4.540550713
       1      24   -2.946410512   -4.532411638
       1      25   -1.491201257   -2.521976805
       1      26   -1.375992674   -2.357410928
       1      27    1.167133212    1.169643964
       1      28    1.208957803    1.265183753
       1      29    1.928721870    2.050657727
       1      30    2.070217476    2.132861199
       1      31    2.436106003    2.440640292
       1      32    2.455643798    2.479376053
       1      33    3.401199144    3.416698840
       1      34    3.445219846    3.447060655
  0.166666667  0.500000000  0.000000000      12
       1      23   -2.818567399   -4.410188650
       1      24   -2.806953349   -4.398081335
       1      25   -1.615725579   -2.655393292
       1      26   -1.505772965   -2.495350999
       1      27    1.192684442    1.162304706
       1      28    1.212019736    1.224081857
       1      29    1.785155861    1.935826733
       1      30    1.895410527    1.976697298
       1      31    2.333632070    2.342651505
       1      32    2.337481496    2.365269528
       1      33    3.433750792    3.443713306
       1      34    3.461029462    3.456500700
  0.166666667  0.541666667  0.000000000      12
       1      23   -2.633065259   -4.232256269
       1      24   -2.616412258   -4.215176692
       1      25   -1.752743295   -2.810916294
       1      26   -1.649154100   -2.656189738
       1      27    1.121964693    1.104970090
       1      28    1.151471682    1.091914599
       1      29    1.670904344    1.823481175
       1      30    1.723066962    1.808480644
       1      31    2.170767854    2.204776750
       1      32    2.185532605    2.201585138
       1      33    3.451903599    3.452309046
       1      34    3.459277585    3.443961003
  0.166666667  0.583333333  0.000000000      12
       1      23   -2.433313316   -4.039866393
       1      24   -2.410565981   -4.017551708
       1      25   -1.859275015   -2.934474377
       1      26   -1.762053025   -2.785106102
       1      27    0.962182534    0.943280409
       1      28    1.028545008    0.965290852
       1      29    1.605647201    1.718446222
       1      30    1.612448511    1.663444504
       1      31    1.980906665    2.021716609
       1      32    2.013200977    2.037012794
       1      33    3.419634086    3.388760950
       1      34    3.431299721    3.417531062
  0.166666667  0.625000000  0.000000000      12
       1      23   -2.253061505   -3.861780144
       1      24   -2.222869112   -3.835826342
       1      25   -1.917829571   -2.995241535
       1      26   -1.828481944   -2.852120710
       1      27    0.835969739    0.804704256
       1      28    0.909882632    0.841008079
       1      29    1.534361512    1.535451116
       1      30    1.544356161    1.608463005
       1      31    1.795896540    1.840575589
       1      32    1.842983773    1.872025546
       1      33    3.330793774    3.279683846
       1      34    3.358562371    3.325900283
  0.208333333  0.208333333  0.000000000      12
       1      23   -2.379297988   -3.991809632
       1      24   -2.355324297   -3.969495362
       1      25   -1.865464039   -2.931307800
       1      26   -1.767784650   -2.779743878
       1      27    0.938159226    0.911890171
       1      28    1.007789342    0.939029414
       1      29    1.615066304    1.729583252
       1      30    1.621955791    1.674193571
       1      31    1.903813342    1.953509129
       1      32    1.935496518    1.967880902
       1      33    3.448338426    3.420424471
       1      34    3.457952733    3.447599257
  0.208333333  0.250000000  0.000000000      12
       1      23   -2.557719922   -4.166313389
       1      24   -2.540496431   -4.149814878
       1      25   -1.772887890   -2.809989551
       1      26   -1.669098672   -2.651906898
       1      27    1.087885446    1.051112103
       1      28    1.125278440    1.050582866
       1      29    1.685980670    1.843127378
       1      30    1.735547092    1.824235375
       1      31    2.030244304    2.078425587
       1      32    2.042775715    2.072419005
       1      33    3.519456655    3.526087183
       1      34    3.531977489    3.522142177
  0.208333333  0.291666667  0.000000000      12
       1      23   -2.755113489   -4.355887267
       1      24   -2.744513673   -4.345595206
       1      25   -1.638592550   -2.645496194
       1      26   -1.528274431   -2.480116542
       1      27    1.157737034    1.106220429
       1      28    1.166376785    1.149006453
       1      29    1.812140301    1.965451553
       1      30    1.919723752    2.001634282
       1      31    2.139186443    2.164572374
       1      32    2.147494807    2.192609119
       1      33    3.554124899    3.572104962
       1      34    3.589145866    3.591411981
  0.208333333  0.333333333  0.000000000      12
       1      23   -2.932374748   -4.524883664
       1      24   -2.927908369   -4.520621453
       1      25   -1.489315244   -2.477312769
       1      26   -1.371825124   -2.303743436
       1      27    1.100115844    1.083417237
       1      28    1.128831800    1.156983203
       1      29    1.994508824    2.106097032
       1      30    2.134347306    2.185940554
       1      31    2.212015988    2.237193988
       1      32    2.236769274    2.281301587
       1      33    3.571054330    3.595357315
       1      34    3.624363316    3.633378917
  0.208333333  0.375000000  0.000000000      12
       1      23   -3.042487925   -4.629383355
       1      24   -3.042389262   -4.629586016
       1      25   -1.385284944   -2.367029391
       1      26   -1.262312769   -2.187333118
       1      27    1.035230388    1.040033522
       1      28    1.066835451    1.122620266
       1      29    2.124248681    2.204736189
       1      30    2.231367060    2.250214438
       1      31    2.288619089    2.336738446
       1      32    2.299672996    2.337240513
       1      33    3.577332408    3.604210382
       1      34    3.640767467    3.652515632
  0.208333333  0.416666667  0.000000000      12
       1      23   -3.042487925   -4.629364119
       1      24   -3.042389262   -4.629538704
       1      25   -1.385284944   -2.367033099
       1      26   -1.262312769   -2.187364723
       1      27    1.035230388    1.040100818
       1      28    1.066835451    1.122600745
       1      29    2.124248681    2.204787973
       1      30    2.231367060    2.250290193
       1      31    2.288619089    2.336679373
       1      32    2.299672996    2.337194828
       1      33    3.577332408    3.604206319
       1      34    3.640767467    3.652467785
  0.208333333  0.458333333  0.000000000      12
       1      23   -2.932374752   -4.524845197
       1      24   -2.927908373   -4.520507105
       1      25   -1.489315241   -2.477319106
       1      26   -1.371825120   -2.303816073
       1      27    1.100115842    1.083522935
       1      28    1.128831798    1.156937666
       1      29    1.994508828    2.106184030
       1      30    2.134347311    2.186110667
       1      31    2.212015990    2.236998524
       1      32    2.236769276    2.281184396
       1      33    3.571054330    3.595342035
       1      34    3.624363317    3.633284559
  0.208333333  0.500000000  0.000000000      12
       1      23   -2.755113489   -4.355818769
       1      24   -2.744513673   -4.345471273
       1      25   -1.638592550   -2.645514926
       1      26   -1.528274431   -2.480224960
       1      27    1.157737034    1.106398935
       1      28    1.166376785    1.148973019
       1      29    1.812140301    1.965581924
       1      30    1.919723752    2.001686469
       1      31    2.139186443    2.164403116
       1      32    2.147494807    2.192525080
       1      33    3.554124899    3.572005807
       1      34    3.589145866    3.591340878
  0.208333333  0.541666667  0.000000000      12
       1      23   -2.557719922   -4.166228599
       1      24   -2.540496431   -4.149727721
       1      25   -1.772887890   -2.809964077
       1      26   -1.669098672   -2.652034558
       1      27    1.087885446    1.051111864
       1      28    1.125278440    1.050789840
       1      29    1.685980670    1.843293885
       1      30    1.735547092    1.824161381
       1      31    2.030244304    2.078387083
       1      32    2.042775715    2.072248942
       1      33    3.519456655    3.525984383
       1      34    3.531977489    3.522202752
  0.250000000  0.250000000  0.000000000      12
       1      23   -2.730377617   -4.335017408
       1      24   -2.720092767   -4.325220553
       1      25   -1.648251849   -2.643645246
       1      26   -1.537920282   -2.476507354
       1      27    1.144299110    1.085613038
       1      28    1.149244971    1.121755002
       1      29    1.821647962    1.975106047
       1      30    1.928814507    2.010961596
       1      31    2.069278785    2.100935878
       1      32    2.079625020    2.131879601
       1      33    3.598940710    3.619701579
       1      34    3.636441673    3.640964334
  0.250000000  0.291666667  0.000000000      12
       1      23   -2.917159739   -4.514205548
       1      24   -2.914618224   -4.511804700
       1      25   -1.491242206   -2.455689367
       1      26   -1.372590358   -2.277167656
       1      27    1.058763018    1.030988944
       1      28    1.080109646    1.092049902
       1      29    2.017837965    2.112030985
       1      30    2.082485486    2.113239256
       1      31    2.129589262    2.197925774
       1      32    2.175846848    2.227731837
       1      33    3.669497987    3.698614046
       1      34    3.727382535    3.740156556
  0.250000000  0.333333333  0.000000000      12
       1      23   -3.077375749   -4.665709296
       1      24   -3.072228718   -4.660473916
       1      25   -1.346995713   -2.296075849
       1      26   -1.219174306   -2.105655844
       1      27    0.942245430    0.937207936
       1      28    0.961607936    1.001142325
       1      29    2.087425645    2.118173115
       1      30    2.100878684    2.147090062
       1      31    2.257524165    2.337951925
       1      32    2.383882372    2.409284026
       1      33    3.719631655    3.752569498
       1      34    3.790151235    3.806654636
  0.250000000  0.375000000  0.000000000      12
       1      23   -3.144887554   -4.728669419
       1      24   -3.135846919   -4.719729572
       1      25   -1.286000671   -2.231456769
       1      26   -1.153625948   -2.035469147
       1      27    0.888062893    0.891656141
       1      28    0.904269112    0.953504631
       1      29    2.088065718    2.118720784
       1      30    2.110721303    2.155147026
       1      31    2.330733106    2.399838805
       1      32    2.466458926    2.481656382
       1      33    3.737800437    3.771841997
       1      34    3.812489852    3.829922889
  0.250000000  0.416666667  0.000000000      12
       1      23   -3.077375749   -4.665658089
       1      24   -3.072228718   -4.660437241
       1      25   -1.346995713   -2.296084848
       1      26   -1.219174306   -2.105699289
       1      27    0.942245430    0.937210175
       1      28    0.961607936    1.001161655
       1      29    2.087425645    2.118148229
       1      30    2.100878684    2.147123758
       1      31    2.257524165    2.337927345
       1      32    2.383882372    2.409265998
       1      33    3.719631655    3.752568044
       1      34    3.790151235    3.806651092
  0.250000000  0.458333333  0.000000000      12
       1      23   -2.917159739   -4.514145758
       1      24   -2.914618224   -4.511756790
       1      25   -1.491242206   -2.455674608
       1      26   -1.372590358   -2.277252621
       1      27    1.058763018    1.031040958
       1      28    1.080109646    1.092083768
       1      29    2.017837965    2.112186085
       1      30    2.082485486    2.113236025
       1      31    2.129589262    2.197820556
       1      32    2.175846848    2.227613831
       1      33    3.669497987    3.698582677
       1      34    3.727382535    3.740233320
  0.291666667  0.291666667  0.000000000      12
       1      23   -3.090893023   -4.679326363
       1      24   -3.083584538   -4.672027725
       1      25   -1.332683416   -2.269947623
       1      26   -1.202841540   -2.075189091
       1      27    0.906199848    0.897018991
       1      28    0.920879927    0.953630318
       1      29    2.034117309    2.069329693
       1      30    2.054555486    2.104288895
       1      31    2.284520601    2.360904417
       1      32    2.415832279    2.436865736
       1      33    3.771872833    3.806911829
       1      34    3.844762905    3.862796914
  0.291666667  0.333333333  0.000000000      12
       1      23   -3.216246388   -4.794881283
       1      24   -3.199575527   -4.779242520
       1      25   -1.221464724   -2.147302886
       1      26   -1.081460622   -1.939009055
       1      27    0.789836079    0.791122893
       1      28    0.794531360    0.837053224
       1      29    2.005387398    2.042593887
       1      30    2.035696721    2.086984464
       1      31    2.423839914    2.477953065
       1      32    2.563868503    2.566481156
       1      33    3.831721366    3.869207854
       1      34    3.911771499    3.931900212
  0.291666667  0.375000000  0.000000000      12
       1      23   -3.216246388   -4.794874123
       1      24   -3.199575527   -4.779218588
       1      25   -1.221464724   -2.147308025
       1      26   -1.081460622   -1.939042929
       1      27    0.789836079    0.791123924
       1      28    0.794531360    0.837071673
       1      29    2.005387398    2.042591858
       1      30    2.035696721    2.086987999
       1      31    2.423839914    2.477960083
       1      32    2.563868503    2.566459230
       1      33    3.831721366    3.869236374
       1      34    3.911771499    3.931933490
  0.333333333  0.333333333  0.000000000      12
       1      23   -3.278659900   -4.850630228
       1      24   -3.255194496   -4.829273080
       1      25   -1.168811973   -2.087381535
       1      26   -1.022489459   -1.870401979
       1      27    0.722383627    0.765354350
       1      28    0.725226083    0.728798411
       1      29    1.976118344    2.015442685
       1      30    2.009502504    2.062989671
       1      31    2.488863243    2.532947810
       1      32    2.630671018    2.624915825
       1      33    3.873149389    3.912106446
       1      34    3.956241127    3.977395328
