0.000000000 -2.275675236 -2.180824960 
0.022253310 -2.293194395 -2.232054540 
0.044515280 -2.342240767 -2.307281116 
0.066763590 -2.412705899 -2.407402366 
0.089025560 -2.486217346 -2.511635841 
0.111278869 -2.525115778 -2.590567570 
0.133532179 -2.513520808 -2.601407199 
0.155789151 -2.478741126 -2.559332581 
0.178042461 -2.436703561 -2.502486808 
0.200304431 -2.424686078 -2.480585652 
0.222557741 -2.593839322 -2.650459923 
0.244811051 -2.771655924 -2.828185365 
0.267068023 -2.952078955 -3.056569854 
0.289321332 -3.144870400 -3.256558154 
0.311574642 -3.314781812 -3.437217761 
0.333836612 -3.449317205 -3.584507006 
0.356084922 -3.547076095 -3.672839601 
0.378346892 -3.616144231 -3.732697262 
0.400600202 -3.664424507 -3.767478867 
0.422853512 -3.696812387 -3.785995616 
0.445115482 -3.716282059 -3.788306567 
0.467363792 -3.725018951 -3.778356877 
0.489625761 -3.725193053 -3.756873327 
0.511879071 -3.727842041 -3.688458958 
0.534132381 -3.824936995 -3.752001019 
0.556389353 -3.906957718 -3.843101191 
0.578642663 -3.948207803 -3.916869939 
0.600904633 -3.978402352 -3.949668502 
0.623157943 -4.019176086 -4.016591222 
0.645411252 -4.038224307 -4.053895823 
0.667668224 -4.044442943 -4.078806934 
0.678801710 -4.042519868 -4.067083307 
0.689930196 -4.035743808 -4.050862756 
0.701055024 -4.021858869 -4.027965474 
0.712183510 -3.997527076 -3.991881857 
0.723311996 -3.958771267 -3.931776064 
0.734436824 -3.925907250 -3.892548014 
0.745565310 -3.896476777 -3.846732179 
0.756698796 -3.853389129 -3.791503655 
0.767827282 -3.796217377 -3.725942943 
0.778947106 -3.728505050 -3.649508916 
0.790080592 -3.657929584 -3.570372868 
0.801209078 -3.594947685 -3.520639694 
0.812328902 -3.583231611 -3.588291114 
0.823462388 -3.569668505 -3.587675474 
0.834590874 -3.553752603 -3.585149002 
0.845715702 -3.535628175 -3.578329831 
0.856844188 -3.515520976 -3.570272073 
0.867972674 -3.493735425 -3.561195948 
0.879097502 -3.470649515 -3.550133660 
0.890225988 -3.446707434 -3.535165382 
0.901359473 -3.422409884 -3.520737844 
0.912487959 -3.398301928 -3.507351766 
0.923607784 -3.374958449 -3.492026508 
0.934741270 -3.352966438 -3.475592741 
0.945869756 -3.332903929 -3.462224978 
0.956994584 -3.315315816 -3.452456847 
0.968123070 -3.300686732 -3.438889009 
0.979251556 -3.289413700 -3.427362601 
0.990376384 -3.281780799 -3.420802384 
1.001504870 -3.277940178 -3.419353109 
1.012633356 -3.281780799 -3.420802384 
1.023766841 -3.289413700 -3.427362601 
1.034886666 -3.300686732 -3.438889009 
1.046020151 -3.315315816 -3.452456847 
1.057148637 -3.332903929 -3.462224978 
1.068268462 -3.352966438 -3.475592741 
1.079401947 -3.374958449 -3.492026508 
1.090530433 -3.398301928 -3.507351766 
1.101655261 -3.422409884 -3.520737844 
1.112783747 -3.446707434 -3.535165382 
1.123912233 -3.470649515 -3.550133660 
1.135037061 -3.493735425 -3.561195948 
1.146165547 -3.515520976 -3.570272073 
1.157299033 -3.535628175 -3.578329831 
1.168427519 -3.553752603 -3.585149002 
1.179547344 -3.569668505 -3.587675474 
1.190680829 -3.583231611 -3.588291114 
1.201809315 -3.594947685 -3.520639694 
1.212929140 -3.657929584 -3.570372868 
1.224062625 -3.728505050 -3.649508916 
1.235191111 -3.796217377 -3.725942943 
1.246315939 -3.853389129 -3.791503655 
1.257444425 -3.896476777 -3.846732179 
1.268572911 -3.925907250 -3.892548014 
1.279706397 -3.958771267 -3.931776064 
1.290826221 -3.997527076 -3.991881857 
1.301959707 -4.021858869 -4.027965475 
1.313088193 -4.035743808 -4.050862757 
1.324208018 -4.042519868 -4.067083308 
1.335341503 -4.044442943 -4.078806933 
1.357601503 -4.038224364 -4.053895883 
1.379851503 -4.019176190 -4.016591327 
1.402111503 -3.978402547 -3.949668697 
1.424361503 -3.948207620 -3.916869758 
1.446621503 -3.906957642 -3.843101121 
1.468881503 -3.824937157 -3.752001173 
1.491131503 -3.727842273 -3.688459161 
1.513391503 -3.725192852 -3.756873126 
1.535641503 -3.725018735 -3.778356660 
1.557901503 -3.716281846 -3.788306353 
1.580151503 -3.696812193 -3.785995422 
1.602411503 -3.664424354 -3.767478714 
1.624661503 -3.616144151 -3.732697181 
1.646921503 -3.547076128 -3.672839634 
1.669181503 -3.449317387 -3.584507187 
1.691431503 -3.314782124 -3.437218074 
1.713691503 -3.144870779 -3.256558534 
1.735941503 -2.952079364 -3.056570265 
1.758201503 -2.771656164 -2.828185606 
1.780451503 -2.593839585 -2.650460188 
1.802711503 -2.424686494 -2.480586033 
1.824971503 -2.436704044 -2.502487291 
1.847221503 -2.478741504 -2.559332959 
1.869481503 -2.513521053 -2.601407444 
1.891731503 -2.525115796 -2.590567587 
1.913991503 -2.486217180 -2.511635672 
1.936241503 -2.412705781 -2.407402245 
1.958501503 -2.342240744 -2.307281090 
1.980751503 -2.293194424 -2.232054547 
2.003011503 -2.275675236 -2.180824960 

0.000000000 -2.275675236 -2.180824960 
0.022253310 -2.292577900 -2.231391129 
0.044515280 -2.336952927 -2.305115397 
0.066763590 -2.392884495 -2.416979037 
0.089025560 -2.435753666 -2.510883849 
0.111278869 -2.442245847 -2.558348149 
0.133532179 -2.414579550 -2.556377254 
0.155789151 -2.367355275 -2.509045514 
0.178042461 -2.314065481 -2.444601091 
0.200304431 -2.386380979 -2.429560754 
0.222557741 -2.549408027 -2.655235866 
0.244811051 -2.750023074 -2.851058875 
0.267068023 -2.945037885 -3.008915257 
0.289321332 -3.104696491 -3.179477489 
0.311574642 -3.242583881 -3.327947385 
0.333836612 -3.354791917 -3.452033582 
0.356084922 -3.442233134 -3.539489675 
0.378346892 -3.508298076 -3.605498349 
0.400600202 -3.556640605 -3.647001997 
0.422853512 -3.590618051 -3.672422430 
0.445115482 -3.613948451 -3.680030834 
0.467363792 -3.632806669 -3.672323765 
0.489625761 -3.661882054 -3.655150922 
0.511879071 -3.720083975 -3.724814078 
0.534132381 -3.720654665 -3.693991563 
0.556389353 -3.786974660 -3.738792755 
0.578642663 -3.899454452 -3.851422464 
0.600904633 -3.961490615 -3.948119760 
0.623157943 -3.964753897 -3.967621977 
0.645411252 -3.965773264 -3.978223417 
0.667668224 -3.966300423 -3.989142689 
0.678801710 -3.965999000 -3.983122783 
0.689930196 -3.964715357 -3.976481614 
0.701055024 -3.961640546 -3.968618063 
0.712183510 -3.955527806 -3.955271422 
0.723311996 -3.944502894 -3.927688556 
0.734436824 -3.902500115 -3.854096533 
0.745565310 -3.828242431 -3.758429801 
0.756698796 -3.738147924 -3.651480418 
0.767827282 -3.635560473 -3.537106599 
0.778947106 -3.609597297 -3.577008943 
0.790080592 -3.603132262 -3.583539398 
0.801209078 -3.594379565 -3.586979970 
0.812328902 -3.547420724 -3.503304009 
0.823462388 -3.514492192 -3.502257101 
0.834590874 -3.490362761 -3.506491139 
0.845715702 -3.470345429 -3.499434280 
0.856844188 -3.451885375 -3.495635706 
0.867972674 -3.433776463 -3.493611833 
0.879097502 -3.415538570 -3.490144166 
0.890225988 -3.397091364 -3.480028728 
0.901359473 -3.378590724 -3.470760862 
0.912487959 -3.360341782 -3.462607020 
0.923607784 -3.342747673 -3.452123776 
0.934741270 -3.326274283 -3.439979509 
0.945869756 -3.311421699 -3.430525062 
0.956994584 -3.298697645 -3.424247720 
0.968123070 -3.288589871 -3.417279180 
0.979251556 -3.281537618 -3.413181408 
0.990376384 -3.277902255 -3.413787987 
1.001504870 -3.277940178 -3.419353109 
1.012633356 -3.277902255 -3.413787987 
1.023766841 -3.281537618 -3.413181408 
1.034886666 -3.288589871 -3.417279180 
1.046020151 -3.298697645 -3.424247720 
1.057148637 -3.311421699 -3.430525062 
1.068268462 -3.326274283 -3.439979509 
1.079401947 -3.342747673 -3.452123776 
1.090530433 -3.360341782 -3.462607020 
1.101655261 -3.378590724 -3.470760862 
1.112783747 -3.397091364 -3.480028728 
1.123912233 -3.415538570 -3.490144166 
1.135037061 -3.433776463 -3.493611833 
1.146165547 -3.451885375 -3.495635706 
1.157299033 -3.470345429 -3.499434280 
1.168427519 -3.490362761 -3.506491139 
1.179547344 -3.514492192 -3.502257101 
1.190680829 -3.547420724 -3.503304009 
1.201809315 -3.594379565 -3.586979970 
1.212929140 -3.603132262 -3.583539398 
1.224062625 -3.609597297 -3.577008943 
1.235191111 -3.635560473 -3.537106599 
1.246315939 -3.738147924 -3.651480418 
1.257444425 -3.828242431 -3.758429801 
1.268572911 -3.902500115 -3.854096533 
1.279706397 -3.944502894 -3.927688556 
1.290826221 -3.955527806 -3.955271422 
1.301959707 -3.961640546 -3.968618065 
1.313088193 -3.964715357 -3.976481616 
1.324208018 -3.965999000 -3.983122784 
1.335341503 -3.966300423 -3.989142689 
1.357601503 -3.965773229 -3.978223385 
1.379851503 -3.964753810 -3.967621890 
1.402111503 -3.961490466 -3.948119611 
1.424361503 -3.899454825 -3.851422835 
1.446621503 -3.786975131 -3.738793187 
1.468881503 -3.720654682 -3.693991559 
1.491131503 -3.720083819 -3.724813919 
1.513391503 -3.661882099 -3.655150940 
1.535641503 -3.632806560 -3.672323642 
1.557901503 -3.613948283 -3.680030666 
1.580151503 -3.590617870 -3.672422249 
1.602411503 -3.556640438 -3.647001829 
1.624661503 -3.508297945 -3.605498218 
1.646921503 -3.442233061 -3.539489603 
1.669181503 -3.354791921 -3.452033587 
1.691431503 -3.242583970 -3.327947475 
1.713691503 -3.104696654 -3.179477651 
1.735941503 -2.945038097 -3.008915470 
1.758201503 -2.750023519 -2.851059322 
1.780451503 -2.549408535 -2.655236380 
1.802711503 -2.386381358 -2.429561166 
1.824971503 -2.314065731 -2.444601339 
1.847221503 -2.367355453 -2.509045693 
1.869481503 -2.414579658 -2.556377362 
1.891731503 -2.442245836 -2.558348135 
1.913991503 -2.435753488 -2.510883668 
1.936241503 -2.392884236 -2.416978772 
1.958501503 -2.336952718 -2.305115184 
1.980751503 -2.292577801 -2.231391043 
2.003011503 -2.275675236 -2.180824960 

0.000000000 -1.736291070 -1.893357860 
0.022253310 -1.734087003 -1.863724598 
0.044515280 -1.734772382 -1.847709828 
0.066763590 -1.752223974 -1.844376428 
0.089025560 -1.797144631 -1.876858454 
0.111278869 -1.872544623 -1.942248219 
0.133532179 -1.976213098 -2.039070629 
0.155789151 -2.104355495 -2.159323470 
0.178042461 -2.252541479 -2.305683750 
0.200304431 -2.363448870 -2.474742189 
0.222557741 -2.355389628 -2.378567108 
0.244811051 -2.331814702 -2.337714843 
0.267068023 -2.327246119 -2.312748675 
0.289321332 -2.347524747 -2.312443824 
0.311574642 -2.395811545 -2.343360666 
0.333836612 -2.471833572 -2.404810794 
0.356084922 -2.572396485 -2.493574847 
0.378346892 -2.692758339 -2.604878819 
0.400600202 -2.827828825 -2.731748598 
0.422853512 -2.972599727 -2.871220549 
0.445115482 -3.121621362 -3.016471980 
0.467363792 -3.266824317 -3.170083188 
0.489625761 -3.390948989 -3.321679152 
0.511879071 -3.462700225 -3.409421870 
0.534132381 -3.575036530 -3.498710856 
0.556389353 -3.647493917 -3.585169701 
0.578642663 -3.643513379 -3.582110741 
0.600904633 -3.629527327 -3.555000068 
0.623157943 -3.616985869 -3.525959738 
0.645411252 -3.609036294 -3.507909167 
0.667668224 -3.606501086 -3.495706675 
0.678801710 -3.607041218 -3.501226894 
0.689930196 -3.608482454 -3.507638872 
0.701055024 -3.610508844 -3.514463486 
0.712183510 -3.612757867 -3.521933082 
0.723311996 -3.614840694 -3.531554829 
0.734436824 -3.616360931 -3.540905150 
0.745565310 -3.616930555 -3.549435926 
0.756698796 -3.616180033 -3.558634163 
0.767827282 -3.613646147 -3.567954332 
0.778947106 -3.522935542 -3.411948236 
0.790080592 -3.403359471 -3.280330953 
0.801209078 -3.313772294 -3.240348564 
0.812328902 -3.244932651 -3.146972846 
0.823462388 -3.154546462 -3.030824600 
0.834590874 -3.050523594 -2.905053745 
0.845715702 -2.939626103 -2.795413368 
0.856844188 -2.826770684 -2.682473207 
0.867972674 -2.716288582 -2.570567813 
0.879097502 -2.613293303 -2.469733228 
0.890225988 -2.524663289 -2.402615364 
0.901359473 -2.457516918 -2.362824645 
0.912487959 -2.413601019 -2.342932362 
0.923607784 -2.387646532 -2.327988673 
0.934741270 -2.373022141 -2.319130286 
0.945869756 -2.365150476 -2.318754152 
0.956994584 -2.363226482 -2.347935039 
0.968123070 -2.363022932 -2.346525435 
0.979251556 -2.362727766 -2.344465825 
0.990376384 -2.362199817 -2.342521725 
1.001504870 -2.361434699 -2.340664347 
1.012633356 -2.362199817 -2.342521725 
1.023766841 -2.362727766 -2.344465825 
1.034886666 -2.363022932 -2.346525435 
1.046020151 -2.363226482 -2.347935039 
1.057148637 -2.365150476 -2.318754152 
1.068268462 -2.373022141 -2.319130286 
1.079401947 -2.387646532 -2.327988673 
1.090530433 -2.413601019 -2.342932362 
1.101655261 -2.457516918 -2.362824645 
1.112783747 -2.524663289 -2.402615364 
1.123912233 -2.613293303 -2.469733228 
1.135037061 -2.716288582 -2.570567813 
1.146165547 -2.826770684 -2.682473207 
1.157299033 -2.939626103 -2.795413368 
1.168427519 -3.050523594 -2.905053745 
1.179547344 -3.154546462 -3.030824600 
1.190680829 -3.244932651 -3.146972846 
1.201809315 -3.313772294 -3.240348564 
1.212929140 -3.403359471 -3.280330953 
1.224062625 -3.522935542 -3.411948236 
1.235191111 -3.613646147 -3.567954332 
1.246315939 -3.616180033 -3.558634163 
1.257444425 -3.616930555 -3.549435926 
1.268572911 -3.616360931 -3.540905150 
1.279706397 -3.614840694 -3.531554829 
1.290826221 -3.612757867 -3.521933082 
1.301959707 -3.610508844 -3.514463486 
1.313088193 -3.608482454 -3.507638872 
1.324208018 -3.607041218 -3.501226894 
1.335341503 -3.606501086 -3.495706676 
1.357601503 -3.609036273 -3.507909149 
1.379851503 -3.616985814 -3.525959682 
1.402111503 -3.629527234 -3.554999973 
1.424361503 -3.643513255 -3.582110618 
1.446621503 -3.647493856 -3.585169680 
1.468881503 -3.575037018 -3.498711369 
1.491131503 -3.462700286 -3.409421955 
1.513391503 -3.390949379 -3.321679570 
1.535641503 -3.266824945 -3.170083831 
1.557901503 -3.121622105 -3.016472723 
1.580151503 -2.972600531 -2.871221353 
1.602411503 -2.827829665 -2.731749436 
1.624661503 -2.692759202 -2.604879682 
1.646921503 -2.572397361 -2.493575723 
1.669181503 -2.471834451 -2.404811672 
1.691431503 -2.395812410 -2.343361530 
1.713691503 -2.347525576 -2.312444653 
1.735941503 -2.327246891 -2.312749445 
1.758201503 -2.331815397 -2.337715538 
1.780451503 -2.355390234 -2.378567712 
1.802711503 -2.363449452 -2.474742773 
1.824971503 -2.252541707 -2.305683978 
1.847221503 -2.104355720 -2.159323696 
1.869481503 -1.976213288 -2.039070819 
1.891731503 -1.872544737 -1.942248339 
1.913991503 -1.797144622 -1.876858450 
1.936241503 -1.752223823 -1.844376281 
1.958501503 -1.734772142 -1.847709578 
1.980751503 -1.734086800 -1.863724423 
2.003011503 -1.736291070 -1.893357860 

0.000000000 -1.736291070 -1.893357860 
0.022253310 -1.732893660 -1.862113649 
0.044515280 -1.725535899 -1.839387973 
0.066763590 -1.723713745 -1.838458420 
0.089025560 -1.741200368 -1.858881640 
0.111278869 -1.792314545 -1.910357136 
0.133532179 -1.883532146 -2.002381645 
0.155789151 -2.010466340 -2.124088787 
0.178042461 -2.161456210 -2.273647506 
0.200304431 -2.226585777 -2.333201797 
0.222557741 -2.170789703 -2.256018520 
0.244811051 -2.115807134 -2.178950525 
0.267068023 -2.075818249 -2.108612408 
0.289321332 -2.062474063 -2.062453782 
0.311574642 -2.086962414 -2.060150017 
0.333836612 -2.154467598 -2.101589741 
0.356084922 -2.260463566 -2.198108735 
0.378346892 -2.394981534 -2.324159625 
0.400600202 -2.548633004 -2.471704269 
0.422853512 -2.714631987 -2.633004785 
0.445115482 -2.888293749 -2.801162022 
0.467363792 -3.066048552 -2.975755659 
0.489625761 -3.244466155 -3.153346127 
0.511879071 -3.418699907 -3.332536282 
0.534132381 -3.477866818 -3.442997921 
0.556389353 -3.464550712 -3.423394161 
0.578642663 -3.439878810 -3.381509676 
0.600904633 -3.412295931 -3.335412355 
0.623157943 -3.387842258 -3.290098178 
0.645411252 -3.371420198 -3.259668533 
0.667668224 -3.365859120 -3.237904134 
0.678801710 -3.367125784 -3.247712949 
0.689930196 -3.370616740 -3.259223827 
0.701055024 -3.375741755 -3.271420088 
0.712183510 -3.381784549 -3.284057808 
0.723311996 -3.387944011 -3.298872141 
0.734436824 -3.393345102 -3.313027580 
0.745565310 -3.396999590 -3.325186815 
0.756698796 -3.397681914 -3.330039835 
0.767827282 -3.393642859 -3.326965700 
0.778947106 -3.382010466 -3.317170257 
0.790080592 -3.357802523 -3.295062493 
0.801209078 -3.278432903 -3.148519521 
0.812328902 -3.149736941 -3.014540880 
0.823462388 -3.018717986 -2.878116553 
0.834590874 -2.886950856 -2.740819339 
0.845715702 -2.756604155 -2.625925228 
0.856844188 -2.631631130 -2.517060277 
0.867972674 -2.520997464 -2.422043479 
0.879097502 -2.441607255 -2.352675123 
0.890225988 -2.400053014 -2.331299578 
0.901359473 -2.380907425 -2.334316820 
0.912487959 -2.371606392 -2.345506703 
0.923607784 -2.366915351 -2.350294846 
0.934741270 -2.364623720 -2.347809011 
0.945869756 -2.363615575 -2.347260188 
0.956994584 -2.361327525 -2.323754826 
0.968123070 -2.359928870 -2.327052773 
0.979251556 -2.359912074 -2.330551604 
0.990376384 -2.360572917 -2.335248001 
1.001504870 -2.361434699 -2.340664347 
1.012633356 -2.360572917 -2.335248001 
1.023766841 -2.359912074 -2.330551604 
1.034886666 -2.359928870 -2.327052773 
1.046020151 -2.361327525 -2.323754826 
1.057148637 -2.363615575 -2.347260188 
1.068268462 -2.364623720 -2.347809011 
1.079401947 -2.366915351 -2.350294846 
1.090530433 -2.371606392 -2.345506703 
1.101655261 -2.380907425 -2.334316820 
1.112783747 -2.400053014 -2.331299578 
1.123912233 -2.441607255 -2.352675123 
1.135037061 -2.520997464 -2.422043479 
1.146165547 -2.631631130 -2.517060277 
1.157299033 -2.756604155 -2.625925228 
1.168427519 -2.886950856 -2.740819339 
1.179547344 -3.018717986 -2.878116553 
1.190680829 -3.149736941 -3.014540880 
1.201809315 -3.278432903 -3.148519521 
1.212929140 -3.357802523 -3.295062493 
1.224062625 -3.382010466 -3.317170257 
1.235191111 -3.393642859 -3.326965700 
1.246315939 -3.397681914 -3.330039835 
1.257444425 -3.396999590 -3.325186815 
1.268572911 -3.393345102 -3.313027580 
1.279706397 -3.387944011 -3.298872141 
1.290826221 -3.381784549 -3.284057808 
1.301959707 -3.375741755 -3.271420088 
1.313088193 -3.370616740 -3.259223826 
1.324208018 -3.367125784 -3.247712949 
1.335341503 -3.365859120 -3.237904135 
1.357601503 -3.371420167 -3.259668508 
1.379851503 -3.387842187 -3.290098104 
1.402111503 -3.412295821 -3.335412242 
1.424361503 -3.439878673 -3.381509537 
1.446621503 -3.464550567 -3.423394011 
1.468881503 -3.477866711 -3.442997819 
1.491131503 -3.418700614 -3.332536989 
1.513391503 -3.244466921 -3.153346893 
1.535641503 -3.066049338 -2.975756444 
1.557901503 -2.888294536 -2.801162809 
1.580151503 -2.714632767 -2.633005564 
1.602411503 -2.548633774 -2.471705038 
1.624661503 -2.394982293 -2.324160384 
1.646921503 -2.260464312 -2.198109480 
1.669181503 -2.154468316 -2.101590459 
1.691431503 -2.086963076 -2.060150679 
1.713691503 -2.062474639 -2.062454356 
1.735941503 -2.075818727 -2.108612883 
1.758201503 -2.115807525 -2.178950915 
1.780451503 -2.170790027 -2.256018843 
1.802711503 -2.226586083 -2.333202105 
1.824971503 -2.161456969 -2.273648274 
1.847221503 -2.010467356 -2.124089817 
1.869481503 -1.883533446 -2.002382966 
1.891731503 -1.792316072 -1.910358653 
1.913991503 -1.741201871 -1.858883150 
1.936241503 -1.723714942 -1.838459647 
1.958501503 -1.725536669 -1.839388742 
1.980751503 -1.732894006 -1.862113992 
2.003011503 -1.736291070 -1.893357860 

0.000000000 -1.342617064 -1.451263031 
0.022253310 -1.347352298 -1.435520341 
0.044515280 -1.362918713 -1.437049170 
0.066763590 -1.388279367 -1.430049145 
0.089025560 -1.417193580 -1.426154929 
0.111278869 -1.440027901 -1.390442538 
0.133532179 -1.452143779 -1.355569948 
0.155789151 -1.457130392 -1.331197370 
0.178042461 -1.460621994 -1.310871957 
0.200304431 -1.466737517 -1.302392984 
0.222557741 -1.478178739 -1.311126025 
0.244811051 -1.496856704 -1.334951029 
0.267068023 -1.524056707 -1.369758777 
0.289321332 -1.559868248 -1.414839538 
0.311574642 -1.602462643 -1.468997173 
0.333836612 -1.649504919 -1.528326282 
0.356084922 -1.700805024 -1.583015882 
0.378346892 -1.757615336 -1.644319830 
0.400600202 -1.820549794 -1.716657689 
0.422853512 -1.889171838 -1.795735111 
0.445115482 -1.962378536 -1.881835080 
0.467363792 -2.038682491 -1.972844289 
0.489625761 -2.116313167 -2.068232556 
0.511879071 -2.193235414 -2.163192587 
0.534132381 -2.267151315 -2.255866935 
0.556389353 -2.337384040 -2.322246120 
0.578642663 -2.419379852 -2.430188139 
0.600904633 -2.489276538 -2.520005674 
0.623157943 -2.542870993 -2.594115877 
0.645411252 -2.576262466 -2.640232520 
0.667668224 -2.587345534 -2.668031120 
0.678801710 -2.584729593 -2.656398296 
0.689930196 -2.577222188 -2.641053979 
0.701055024 -2.565443132 -2.623032361 
0.712183510 -2.550104411 -2.602212249 
0.723311996 -2.531947656 -2.576358385 
0.734436824 -2.511695177 -2.549244369 
0.745565310 -2.490017148 -2.521810387 
0.756698796 -2.467512924 -2.491462784 
0.767827282 -2.444701486 -2.458327051 
0.778947106 -2.422016793 -2.426156739 
0.790080592 -2.399803834 -2.395380768 
0.801209078 -2.379916561 -2.394734824 
0.812328902 -2.367090208 -2.376774701 
0.823462388 -2.354584225 -2.360051945 
0.834590874 -2.341892983 -2.344176324 
0.845715702 -2.327770656 -2.307544894 
0.856844188 -2.309082971 -2.266547550 
0.867972674 -2.277607094 -2.214113236 
0.879097502 -2.229989803 -2.166742870 
0.890225988 -2.190170097 -2.103390396 
0.901359473 -2.132579768 -2.017596064 
0.912487959 -2.056263461 -1.917568545 
0.923607784 -1.967135942 -1.819088243 
0.934741270 -1.872346117 -1.721701304 
0.945869756 -1.776867072 -1.623251170 
0.956994584 -1.683678510 -1.527077034 
0.968123070 -1.594562800 -1.445006442 
0.979251556 -1.510608419 -1.372229616 
0.990376384 -1.432465496 -1.306144079 
1.001504870 -1.360474565 -1.247038907 
1.012633356 -1.432465496 -1.306144079 
1.023766841 -1.510608419 -1.372229616 
1.034886666 -1.594562800 -1.445006442 
1.046020151 -1.683678510 -1.527077034 
1.057148637 -1.776867072 -1.623251170 
1.068268462 -1.872346117 -1.721701304 
1.079401947 -1.967135942 -1.819088243 
1.090530433 -2.056263461 -1.917568545 
1.101655261 -2.132579768 -2.017596064 
1.112783747 -2.190170097 -2.103390396 
1.123912233 -2.229989803 -2.166742870 
1.135037061 -2.277607094 -2.214113236 
1.146165547 -2.309082971 -2.266547550 
1.157299033 -2.327770656 -2.307544894 
1.168427519 -2.341892983 -2.344176324 
1.179547344 -2.354584225 -2.360051945 
1.190680829 -2.367090208 -2.376774701 
1.201809315 -2.379916561 -2.394734824 
1.212929140 -2.399803834 -2.395380768 
1.224062625 -2.422016793 -2.426156739 
1.235191111 -2.444701486 -2.458327051 
1.246315939 -2.467512924 -2.491462784 
1.257444425 -2.490017148 -2.521810387 
1.268572911 -2.511695177 -2.549244369 
1.279706397 -2.531947656 -2.576358385 
1.290826221 -2.550104411 -2.602212249 
1.301959707 -2.565443132 -2.623032360 
1.313088193 -2.577222188 -2.641053977 
1.324208018 -2.584729593 -2.656398295 
1.335341503 -2.587345534 -2.668031119 
1.357601503 -2.576262546 -2.640232594 
1.379851503 -2.542871163 -2.594116050 
1.402111503 -2.489276796 -2.520005936 
1.424361503 -2.419380190 -2.430188479 
1.446621503 -2.337384450 -2.322246531 
1.468881503 -2.267151782 -2.255867403 
1.491131503 -2.193235948 -2.163193122 
1.513391503 -2.116313761 -2.068233150 
1.535641503 -2.038683135 -1.972844934 
1.557901503 -1.962379221 -1.881835766 
1.580151503 -1.889172552 -1.795735826 
1.602411503 -1.820550525 -1.716658420 
1.624661503 -1.757616066 -1.644320559 
1.646921503 -1.700805736 -1.583016592 
1.669181503 -1.649505597 -1.528326961 
1.691431503 -1.602463277 -1.468997802 
1.713691503 -1.559868830 -1.414840116 
1.735941503 -1.524057216 -1.369759282 
1.758201503 -1.496857110 -1.334951432 
1.780451503 -1.478179006 -1.311126285 
1.802711503 -1.466737601 -1.302393061 
1.824971503 -1.460621842 -1.310871794 
1.847221503 -1.457129942 -1.331196905 
1.869481503 -1.452142985 -1.355569135 
1.891731503 -1.440026822 -1.390441471 
1.913991503 -1.417192461 -1.426153805 
1.936241503 -1.388278478 -1.430048234 
1.958501503 -1.362918153 -1.437048617 
1.980751503 -1.347352047 -1.435520080 
2.003011503 -1.342617064 -1.451263031 

0.000000000 -1.342617064 -1.451263031 
0.022253310 -1.345863919 -1.433417614 
0.044515280 -1.351317503 -1.423252618 
0.066763590 -1.351942646 -1.391863404 
0.089025560 -1.343545974 -1.349542787 
0.111278869 -1.327618393 -1.286035021 
0.133532179 -1.308782740 -1.228219319 
0.155789151 -1.291294850 -1.183861170 
0.178042461 -1.278013121 -1.143928402 
0.200304431 -1.270747008 -1.110291666 
0.222557741 -1.270896667 -1.094722803 
0.244811051 -1.280119751 -1.094319973 
0.267068023 -1.300732692 -1.111177892 
0.289321332 -1.335002355 -1.142430700 
0.311574642 -1.383310528 -1.198044935 
0.333836612 -1.443694864 -1.267171669 
0.356084922 -1.513577612 -1.347326481 
0.378346892 -1.591078807 -1.436131959 
0.400600202 -1.674999390 -1.532710294 
0.422853512 -1.764373350 -1.635679899 
0.445115482 -1.858145584 -1.744139664 
0.467363792 -1.955026689 -1.857372481 
0.489625761 -2.053444479 -1.974670781 
0.511879071 -2.151523087 -2.092369557 
0.534132381 -2.247046626 -2.208361967 
0.556389353 -2.335523025 -2.344217343 
0.578642663 -2.395655642 -2.425802001 
0.600904633 -2.444891712 -2.489724184 
0.623157943 -2.480965430 -2.540147547 
0.645411252 -2.502491417 -2.569650353 
0.667668224 -2.509422428 -2.586436790 
0.678801710 -2.507815648 -2.579482718 
0.689930196 -2.503214314 -2.570310301 
0.701055024 -2.495990392 -2.559454224 
0.712183510 -2.486557029 -2.546615048 
0.723311996 -2.475347552 -2.530287218 
0.734436824 -2.462796111 -2.513338142 
0.745565310 -2.449320697 -2.496328583 
0.756698796 -2.435309081 -2.476818429 
0.767827282 -2.421106585 -2.454878643 
0.778947106 -2.407004754 -2.433756039 
0.790080592 -2.393228330 -2.413796399 
0.801209078 -2.378311980 -2.366932470 
0.812328902 -2.357681679 -2.340545011 
0.823462388 -2.337917800 -2.316037215 
0.834590874 -2.318838343 -2.293168100 
0.845715702 -2.299973840 -2.263387666 
0.856844188 -2.280367435 -2.234302676 
0.867972674 -2.258179175 -2.204327761 
0.879097502 -2.217123545 -2.139291212 
0.890225988 -2.121677400 -2.021018243 
0.901359473 -2.007292300 -1.882763481 
0.912487959 -1.887089772 -1.741315682 
0.923607784 -1.766822569 -1.612944191 
0.934741270 -1.649178137 -1.499106414 
0.945869756 -1.535705392 -1.389812124 
0.956994584 -1.427456801 -1.286076314 
0.968123070 -1.325216037 -1.183154306 
0.979251556 -1.236125444 -1.142709893 
0.990376384 -1.294743068 -1.194915000 
1.001504870 -1.360474565 -1.247038907 
1.012633356 -1.294743068 -1.194915000 
1.023766841 -1.236125444 -1.142709892 
1.034886666 -1.325216037 -1.183154306 
1.046020151 -1.427456801 -1.286076314 
1.057148637 -1.535705392 -1.389812124 
1.068268462 -1.649178137 -1.499106414 
1.079401947 -1.766822569 -1.612944191 
1.090530433 -1.887089772 -1.741315682 
1.101655261 -2.007292300 -1.882763481 
1.112783747 -2.121677400 -2.021018243 
1.123912233 -2.217123545 -2.139291212 
1.135037061 -2.258179175 -2.204327761 
1.146165547 -2.280367435 -2.234302676 
1.157299033 -2.299973840 -2.263387666 
1.168427519 -2.318838343 -2.293168100 
1.179547344 -2.337917800 -2.316037215 
1.190680829 -2.357681679 -2.340545011 
1.201809315 -2.378311980 -2.366932470 
1.212929140 -2.393228330 -2.413796399 
1.224062625 -2.407004754 -2.433756039 
1.235191111 -2.421106585 -2.454878643 
1.246315939 -2.435309081 -2.476818429 
1.257444425 -2.449320697 -2.496328583 
1.268572911 -2.462796111 -2.513338142 
1.279706397 -2.475347552 -2.530287218 
1.290826221 -2.486557029 -2.546615048 
1.301959707 -2.495990392 -2.559454222 
1.313088193 -2.503214314 -2.570310298 
1.324208018 -2.507815648 -2.579482717 
1.335341503 -2.509422428 -2.586436789 
1.357601503 -2.502491484 -2.569650415 
1.379851503 -2.480965574 -2.540147693 
1.402111503 -2.444891940 -2.489724414 
1.424361503 -2.395655954 -2.425802314 
1.446621503 -2.335523417 -2.344217737 
1.468881503 -2.247047097 -2.208362439 
1.491131503 -2.151523611 -2.092370082 
1.513391503 -2.053445048 -1.974671351 
1.535641503 -1.955027294 -1.857373086 
1.557901503 -1.858146216 -1.744140296 
1.580151503 -1.764374000 -1.635680549 
1.602411503 -1.675000047 -1.532710951 
1.624661503 -1.591079462 -1.436132613 
1.646921503 -1.513578255 -1.347327122 
1.669181503 -1.443695484 -1.267172289 
1.691431503 -1.383311117 -1.198045522 
1.713691503 -1.335002900 -1.142431244 
1.735941503 -1.300733178 -1.111178376 
1.758201503 -1.280120169 -1.094320389 
1.780451503 -1.270897015 -1.094723148 
1.802711503 -1.270747289 -1.110291945 
1.824971503 -1.278013342 -1.143928620 
1.847221503 -1.291295023 -1.183861341 
1.869481503 -1.308782885 -1.228219465 
1.891731503 -1.327618542 -1.286035165 
1.913991503 -1.343546162 -1.349542970 
1.936241503 -1.351942886 -1.391863644 
1.958501503 -1.351317754 -1.423252883 
1.980751503 -1.345864091 -1.433417780 
2.003011503 -1.342617064 -1.451263031 

0.000000000 -0.432450899 -0.559046544 
0.022253310 -0.434657530 -0.558473346 
0.044515280 -0.441606565 -0.565438699 
0.066763590 -0.454076605 -0.569051567 
0.089025560 -0.473101999 -0.583912420 
0.111278869 -0.499783316 -0.610109900 
0.133532179 -0.535680547 -0.686384670 
0.155789151 -0.585153871 -0.739421124 
0.178042461 -0.647969525 -0.803583200 
0.200304431 -0.723680966 -0.879236353 
0.222557741 -0.809606387 -0.966959518 
0.244811051 -0.900285069 -1.063885206 
0.267068023 -0.987343558 -1.151173988 
0.289321332 -1.060540966 -1.228021458 
0.311574642 -1.111156588 -1.278506142 
0.333836612 -1.136455629 -1.310354081 
0.356084922 -1.140457505 -1.304108804 
0.378346892 -1.129905554 -1.289099637 
0.400600202 -1.110013044 -1.266653522 
0.422853512 -1.082931619 -1.238731285 
0.445115482 -1.048347073 -1.199973478 
0.467363792 -1.004828617 -1.156341736 
0.489625761 -0.951115436 -1.107352229 
0.511879071 -0.887030257 -1.045542467 
0.534132381 -0.813989306 -0.972388437 
0.556389353 -0.735202660 -0.897200403 
0.578642663 -0.655679660 -0.825728225 
0.600904633 -0.582051487 -0.751669951 
0.623157943 -0.522005018 -0.694571118 
0.645411252 -0.482915220 -0.657696509 
0.667668224 -0.469568861 -0.657670550 
0.678801710 -0.472785809 -0.652713977 
0.689930196 -0.482071631 -0.656719736 
0.701055024 -0.496701543 -0.669074328 
0.712183510 -0.515790451 -0.686887101 
0.723311996 -0.538388636 -0.704514007 
0.734436824 -0.563563773 -0.726566394 
0.745565310 -0.590460111 -0.752220219 
0.756698796 -0.618335302 -0.775147108 
0.767827282 -0.646577953 -0.793962400 
0.778947106 -0.674712125 -0.813562166 
0.790080592 -0.702393661 -0.833647848 
0.801209078 -0.729402524 -0.851533511 
0.812328902 -0.755632990 -0.868514942 
0.823462388 -0.781083862 -0.885423215 
0.834590874 -0.805849639 -0.902373858 
0.845715702 -0.830111994 -0.913459879 
0.856844188 -0.854132506 -0.924842055 
0.867972674 -0.878245828 -0.936902180 
0.879097502 -0.902853501 -0.949305804 
0.890225988 -0.928417304 -0.961058922 
0.901359473 -0.955452057 -0.975052500 
0.912487959 -0.984516690 -0.991868927 
0.923607784 -1.016203699 -1.009162754 
0.934741270 -1.051125286 -1.027591970 
0.945869756 -1.089896243 -1.050803599 
0.956994584 -1.133112397 -1.079483751 
0.968123070 -1.181317965 -1.111849655 
0.979251556 -1.228426444 -1.093011242 
0.990376384 -1.140657131 -0.996341240 
1.001504870 -1.059076940 -0.914936778 
1.012633356 -1.140657131 -0.996341240 
1.023766841 -1.228426444 -1.093011243 
1.034886666 -1.181317965 -1.111849655 
1.046020151 -1.133112397 -1.079483751 
1.057148637 -1.089896243 -1.050803599 
1.068268462 -1.051125286 -1.027591970 
1.079401947 -1.016203699 -1.009162754 
1.090530433 -0.984516690 -0.991868927 
1.101655261 -0.955452057 -0.975052500 
1.112783747 -0.928417304 -0.961058922 
1.123912233 -0.902853501 -0.949305804 
1.135037061 -0.878245828 -0.936902180 
1.146165547 -0.854132506 -0.924842055 
1.157299033 -0.830111994 -0.913459879 
1.168427519 -0.805849639 -0.902373858 
1.179547344 -0.781083862 -0.885423215 
1.190680829 -0.755632990 -0.868514942 
1.201809315 -0.729402524 -0.851533511 
1.212929140 -0.702393661 -0.833647848 
1.224062625 -0.674712125 -0.813562166 
1.235191111 -0.646577953 -0.793962400 
1.246315939 -0.618335302 -0.775147108 
1.257444425 -0.590460111 -0.752220219 
1.268572911 -0.563563773 -0.726566394 
1.279706397 -0.538388636 -0.704514007 
1.290826221 -0.515790451 -0.686887101 
1.301959707 -0.496701543 -0.669074331 
1.313088193 -0.482071631 -0.656719740 
1.324208018 -0.472785809 -0.652713980 
1.335341503 -0.469568861 -0.657670549 
1.357601503 -0.482915250 -0.657696542 
1.379851503 -0.522005068 -0.694571167 
1.402111503 -0.582051539 -0.751670002 
1.424361503 -0.655679699 -0.825728264 
1.446621503 -0.735202675 -0.897200418 
1.468881503 -0.813989289 -0.972388419 
1.491131503 -0.887030203 -1.045542413 
1.513391503 -0.951115342 -1.107352134 
1.535641503 -1.004828479 -1.156341597 
1.557901503 -1.048346889 -1.199973293 
1.580151503 -1.082931387 -1.238731053 
1.602411503 -1.110012763 -1.266653240 
1.624661503 -1.129905224 -1.289099308 
1.646921503 -1.140457136 -1.304108436 
1.669181503 -1.136455242 -1.310353694 
1.691431503 -1.111156214 -1.278505772 
1.713691503 -1.060540637 -1.228021132 
1.735941503 -0.987343295 -1.151173728 
1.758201503 -0.900284874 -1.063885013 
1.780451503 -0.809606255 -0.966959388 
1.802711503 -0.723680888 -0.879236275 
1.824971503 -0.647969488 -0.803583164 
1.847221503 -0.585153868 -0.739421120 
1.869481503 -0.535680566 -0.686384695 
1.891731503 -0.499783199 -0.610109781 
1.913991503 -0.473101907 -0.583912327 
1.936241503 -0.454076537 -0.569051498 
1.958501503 -0.441606521 -0.565438655 
1.980751503 -0.434657509 -0.558473324 
2.003011503 -0.432450899 -0.559046544 

0.000000000 -0.432450899 -0.559046544 
0.022253310 -0.434612852 -0.558372012 
0.044515280 -0.441286433 -0.567560729 
0.066763590 -0.453198354 -0.590992316 
0.089025560 -0.471660535 -0.620349213 
0.111278869 -0.498472338 -0.646789754 
0.133532179 -0.535042548 -0.648327216 
0.155789151 -0.579296770 -0.697208735 
0.178042461 -0.632032182 -0.752987816 
0.200304431 -0.691296856 -0.814542528 
0.222557741 -0.753199694 -0.881213652 
0.244811051 -0.811643235 -0.949296309 
0.267068023 -0.858879607 -0.991417469 
0.289321332 -0.887858932 -1.017376119 
0.311574642 -0.895871606 -1.014813273 
0.333836612 -0.885817738 -0.999003017 
0.356084922 -0.863532329 -0.953993566 
0.378346892 -0.834360263 -0.907730460 
0.400600202 -0.801244620 -0.863380481 
0.422853512 -0.764353093 -0.817350176 
0.445115482 -0.721773628 -0.762094590 
0.467363792 -0.670735348 -0.702855658 
0.489625761 -0.608817960 -0.637759851 
0.511879071 -0.534825438 -0.558008846 
0.534132381 -0.449282255 -0.463927576 
0.556389353 -0.354691753 -0.364413994 
0.578642663 -0.255768874 -0.264573825 
0.600904633 -0.159812715 -0.159164240 
0.623157943 -0.077089942 -0.071147279 
0.645411252 -0.020172731 -0.010749733 
0.667668224 0.000000000 -0.004153966 
0.678801710 -0.004915956 0.000000000 
0.689930196 -0.018995216 -0.009286779 
0.701055024 -0.040833685 -0.030832502 
0.712183510 -0.068731016 -0.060696631 
0.723311996 -0.100961302 -0.091497601 
0.734436824 -0.135957595 -0.127204795 
0.745565310 -0.172402485 -0.166449161 
0.756698796 -0.209251842 -0.202652106 
0.767827282 -0.245720899 -0.234151001 
0.778947106 -0.281255222 -0.265550287 
0.790080592 -0.315498654 -0.296510682 
0.801209078 -0.348264277 -0.324549099 
0.812328902 -0.379509461 -0.350948691 
0.823462388 -0.409315906 -0.376549336 
0.834590874 -0.437874201 -0.401548542 
0.845715702 -0.465471055 -0.420592996 
0.856844188 -0.492479401 -0.439617630 
0.867972674 -0.519349930 -0.459085643 
0.879097502 -0.546603819 -0.478757087 
0.890225988 -0.574825121 -0.497834351 
0.901359473 -0.604652540 -0.519332867 
0.912487959 -0.636768997 -0.543948843 
0.923607784 -0.671888980 -0.570071427 
0.934741270 -0.710741788 -0.598549161 
0.945869756 -0.754051031 -0.632502415 
0.956994584 -0.802510169 -0.672658885 
0.968123070 -0.856754668 -0.721359184 
0.979251556 -0.917332690 -0.777929969 
0.990376384 -0.984676533 -0.842325608 
1.001504870 -1.059076940 -0.914936778 
1.012633356 -0.984676533 -0.842325608 
1.023766841 -0.917332690 -0.777929969 
1.034886666 -0.856754668 -0.721359184 
1.046020151 -0.802510169 -0.672658885 
1.057148637 -0.754051031 -0.632502415 
1.068268462 -0.710741788 -0.598549161 
1.079401947 -0.671888980 -0.570071427 
1.090530433 -0.636768997 -0.543948843 
1.101655261 -0.604652540 -0.519332867 
1.112783747 -0.574825121 -0.497834351 
1.123912233 -0.546603819 -0.478757087 
1.135037061 -0.519349930 -0.459085643 
1.146165547 -0.492479401 -0.439617630 
1.157299033 -0.465471055 -0.420592996 
1.168427519 -0.437874201 -0.401548542 
1.179547344 -0.409315906 -0.376549336 
1.190680829 -0.379509461 -0.350948691 
1.201809315 -0.348264277 -0.324549099 
1.212929140 -0.315498654 -0.296510682 
1.224062625 -0.281255222 -0.265550287 
1.235191111 -0.245720899 -0.234151001 
1.246315939 -0.209251842 -0.202652106 
1.257444425 -0.172402485 -0.166449161 
1.268572911 -0.135957595 -0.127204795 
1.279706397 -0.100961302 -0.091497601 
1.290826221 -0.068731016 -0.060696631 
1.301959707 -0.040833685 -0.030832506 
1.313088193 -0.018995216 -0.009286785 
1.324208018 -0.004915956 -0.000000005 
1.335341503 0.000000000 -0.004153965 
1.357601503 -0.020172716 -0.010749714 
1.379851503 -0.077089915 -0.071147251 
1.402111503 -0.159812678 -0.159164201 
1.424361503 -0.255768828 -0.264573780 
1.446621503 -0.354691700 -0.364413939 
1.468881503 -0.449282193 -0.463927512 
1.491131503 -0.534825364 -0.558008771 
1.513391503 -0.608817872 -0.637759762 
1.535641503 -0.670735239 -0.702855548 
1.557901503 -0.721773490 -0.762094451 
1.580151503 -0.764352917 -0.817350000 
1.602411503 -0.801244397 -0.863380258 
1.624661503 -0.834359987 -0.907730183 
1.646921503 -0.863531998 -0.953993235 
1.669181503 -0.885817357 -0.999002637 
1.691431503 -0.895871192 -1.014812859 
1.713691503 -0.887858511 -1.017375698 
1.735941503 -0.858879211 -0.991417073 
1.758201503 -0.811642885 -0.949295960 
1.780451503 -0.753199396 -0.881213355 
1.802711503 -0.691296606 -0.814542278 
1.824971503 -0.632031974 -0.752987608 
1.847221503 -0.579296596 -0.697208561 
1.869481503 -0.535042404 -0.648327066 
1.891731503 -0.498472372 -0.646789788 
1.913991503 -0.471660575 -0.620349253 
1.936241503 -0.453198392 -0.590992355 
1.958501503 -0.441286464 -0.567560760 
1.980751503 -0.434612870 -0.558372031 
2.003011503 -0.432450899 -0.559046544 

0.000000000 2.501599485 3.565415516 
0.022253310 2.498960971 3.553084816 
0.044515280 2.482940781 3.532935881 
0.066763590 2.441821133 3.486498955 
0.089025560 2.376742848 3.417955277 
0.111278869 2.264689516 3.292584786 
0.133532179 2.139484902 3.157370808 
0.155789151 2.021495347 3.022946453 
0.178042461 1.917849555 2.900185523 
0.200304431 1.831517411 2.791522136 
0.222557741 1.762265650 2.702392201 
0.244811051 1.672016184 2.663646534 
0.267068023 1.579916883 2.547914582 
0.289321332 1.496619366 2.439792504 
0.311574642 1.427643060 2.348327529 
0.333836612 1.379398484 2.282630096 
0.356084922 1.357686875 2.232636121 
0.378346892 1.366411750 2.219510314 
0.400600202 1.406543806 2.247655358 
0.422853512 1.475448577 2.308436833 
0.445115482 1.566376505 2.390176598 
0.467363792 1.667164917 2.477403506 
0.489625761 1.756642288 2.548934820 
0.511879071 1.761653319 2.364047287 
0.534132381 1.685014083 2.244477677 
0.556389353 1.589466570 2.124717307 
0.578642663 1.487166254 2.010276473 
0.600904633 1.390269264 1.902699140 
0.623157943 1.310593469 1.818995125 
0.645411252 1.258447223 1.766417176 
0.667668224 1.240493502 1.759192067 
0.678801710 1.244898525 1.756566997 
0.689930196 1.257760436 1.765188405 
0.701055024 1.278332036 1.784555066 
0.712183510 1.305652840 1.812053680 
0.723311996 1.338644628 1.842016652 
0.734436824 1.376192681 1.878027959 
0.745565310 1.417204565 1.919115758 
0.756698796 1.460645062 1.960665099 
0.767827282 1.505553382 2.000844065 
0.778947106 1.551047985 2.042229330 
0.790080592 1.596325111 2.084163525 
0.801209078 1.640655650 2.123993397 
0.812328902 1.683384104 2.161734436 
0.823462388 1.723930552 2.197428868 
0.834590874 1.761796957 2.230608306 
0.845715702 1.796577878 2.261532960 
0.856844188 1.827972971 2.289022171 
0.867972674 1.855801281 2.312882685 
0.879097502 1.880013194 2.332416895 
0.890225988 1.900697252 2.346402884 
0.901359473 1.918079711 2.357007318 
0.912487959 1.932515246 2.364767804 
0.923607784 1.944466640 2.371749789 
0.934741270 1.954477277 2.378087638 
0.945869756 1.963138656 2.383021683 
0.956994584 1.971054606 2.387424806 
0.968123070 1.978810627 2.403294120 
0.979251556 1.986944835 2.423466982 
0.990376384 1.995925755 2.444699714 
1.001504870 2.006133765 2.467435782 
1.012633356 1.995925755 2.444699714 
1.023766841 1.986944835 2.423466982 
1.034886666 1.978810627 2.403294120 
1.046020151 1.971054606 2.387424806 
1.057148637 1.963138656 2.383021683 
1.068268462 1.954477277 2.378087638 
1.079401947 1.944466640 2.371749789 
1.090530433 1.932515246 2.364767804 
1.101655261 1.918079711 2.357007318 
1.112783747 1.900697252 2.346402884 
1.123912233 1.880013194 2.332416895 
1.135037061 1.855801281 2.312882685 
1.146165547 1.827972971 2.289022171 
1.157299033 1.796577878 2.261532960 
1.168427519 1.761796957 2.230608306 
1.179547344 1.723930552 2.197428868 
1.190680829 1.683384104 2.161734436 
1.201809315 1.640655650 2.123993397 
1.212929140 1.596325111 2.084163525 
1.224062625 1.551047985 2.042229330 
1.235191111 1.505553382 2.000844065 
1.246315939 1.460645062 1.960665099 
1.257444425 1.417204565 1.919115758 
1.268572911 1.376192681 1.878027959 
1.279706397 1.338644628 1.842016652 
1.290826221 1.305652840 1.812053680 
1.301959707 1.278332036 1.784555069 
1.313088193 1.257760436 1.765188409 
1.324208018 1.244898525 1.756567000 
1.335341503 1.240493502 1.759192066 
1.357601503 1.258447302 1.766417257 
1.379851503 1.310593609 1.818995265 
1.402111503 1.390269443 1.902699318 
1.424361503 1.487166448 2.010276668 
1.446621503 1.589466758 2.124717495 
1.468881503 1.685014245 2.244477839 
1.491131503 1.761653435 2.364047404 
1.513391503 1.756642030 2.548934562 
1.535641503 1.667164633 2.477403222 
1.557901503 1.566376204 2.390176297 
1.580151503 1.475448253 2.308436508 
1.602411503 1.406543450 2.247655001 
1.624661503 1.366411357 2.219509920 
1.646921503 1.357686447 2.232635692 
1.669181503 1.379398031 2.282629643 
1.691431503 1.427642599 2.348327068 
1.713691503 1.496618924 2.439792061 
1.735941503 1.579916495 2.547914193 
1.758201503 1.672015884 2.663646236 
1.780451503 1.762265693 2.702392246 
1.802711503 1.831517540 2.791522265 
1.824971503 1.917849738 2.900185707 
1.847221503 2.021495545 3.022946650 
1.869481503 2.139485062 3.157370963 
1.891731503 2.264689543 3.292584784 
1.913991503 2.376742329 3.417954758 
1.936241503 2.441820723 3.486498547 
1.958501503 2.482940562 3.532935675 
1.980751503 2.498960923 3.553084768 
2.003011503 2.501599485 3.565415516 

0.000000000 2.501599485 3.565415516 
0.022253310 2.500555824 3.555039780 
0.044515280 2.493735656 3.544809369 
0.066763590 2.462513796 3.507801809 
0.089025560 2.381990810 3.417723425 
0.111278869 2.298887002 3.336950958 
0.133532179 2.212149827 3.245211849 
0.155789151 2.101025723 3.144681793 
0.178042461 1.983744975 3.019138854 
0.200304431 1.873212926 2.891391342 
0.222557741 1.769810927 2.773025499 
0.244811051 1.707330169 2.631467556 
0.267068023 1.662954708 2.567006210 
0.289321332 1.626932093 2.512286588 
0.311574642 1.600575821 2.468672736 
0.333836612 1.588166057 2.443673180 
0.356084922 1.594388383 2.428404820 
0.378346892 1.621707670 2.437861361 
0.400600202 1.668396905 2.471236754 
0.422853512 1.726825999 2.511624285 
0.445115482 1.782065214 2.527422820 
0.467363792 1.814020716 2.518404708 
0.489625761 1.807598875 2.455779395 
0.511879071 1.802232898 2.556343172 
0.534132381 1.779662940 2.463821880 
0.556389353 1.699994748 2.344822355 
0.578642663 1.590290604 2.202950548 
0.600904633 1.473951716 2.064536664 
0.623157943 1.370857639 1.948618668 
0.645411252 1.299377047 1.871801616 
0.667668224 1.273880575 1.858133261 
0.678801710 1.280202803 1.856104277 
0.689930196 1.298548137 1.870298144 
0.701055024 1.327528353 1.899663827 
0.712183510 1.365390139 1.940450377 
0.723311996 1.410290229 1.985034182 
0.734436824 1.460483718 2.036644340 
0.745565310 1.514418829 2.093783682 
0.756698796 1.570763048 2.151963903 
0.767827282 1.628392295 2.209153975 
0.778947106 1.686363625 2.267266675 
0.790080592 1.743883240 2.325515862 
0.801209078 1.800274032 2.381024691 
0.812328902 1.854942712 2.434214892 
0.823462388 1.907341566 2.485226476 
0.834590874 1.956917277 2.533506649 
0.845715702 2.003031994 2.582572123 
0.856844188 2.044828582 2.627216803 
0.867972674 2.081007254 2.665967414 
0.879097502 2.109538294 2.694684296 
0.890225988 2.127707395 2.705386001 
0.901359473 2.133528738 2.700441192 
0.912487959 2.128074720 2.682914136 
0.923607784 2.115102372 2.662971257 
0.934741270 2.098386293 2.643776814 
0.945869756 2.080467243 2.622982060 
0.956994584 2.062821614 2.602283691 
0.968123070 2.046265266 2.569247859 
0.979251556 2.031217782 2.533363752 
0.990376384 2.017845465 2.499396419 
1.001504870 2.006133765 2.467435782 
1.012633356 2.017845465 2.499396419 
1.023766841 2.031217782 2.533363752 
1.034886666 2.046265266 2.569247858 
1.046020151 2.062821614 2.602283691 
1.057148637 2.080467243 2.622982060 
1.068268462 2.098386293 2.643776814 
1.079401947 2.115102372 2.662971257 
1.090530433 2.128074720 2.682914136 
1.101655261 2.133528738 2.700441192 
1.112783747 2.127707395 2.705386001 
1.123912233 2.109538294 2.694684296 
1.135037061 2.081007254 2.665967414 
1.146165547 2.044828582 2.627216803 
1.157299033 2.003031994 2.582572123 
1.168427519 1.956917277 2.533506649 
1.179547344 1.907341566 2.485226476 
1.190680829 1.854942712 2.434214892 
1.201809315 1.800274032 2.381024691 
1.212929140 1.743883240 2.325515862 
1.224062625 1.686363625 2.267266675 
1.235191111 1.628392295 2.209153975 
1.246315939 1.570763048 2.151963903 
1.257444425 1.514418829 2.093783682 
1.268572911 1.460483718 2.036644340 
1.279706397 1.410290229 1.985034182 
1.290826221 1.365390139 1.940450377 
1.301959707 1.327528353 1.899663831 
1.313088193 1.298548137 1.870298151 
1.324208018 1.280202803 1.856104282 
1.335341503 1.273880575 1.858133260 
1.357601503 1.299377059 1.871801626 
1.379851503 1.370857658 1.948618687 
1.402111503 1.473951734 2.064536680 
1.424361503 1.590290606 2.202950550 
1.446621503 1.699994712 2.344822320 
1.468881503 1.779662833 2.463821780 
1.491131503 1.802232702 2.556342984 
1.513391503 1.807598929 2.455779452 
1.535641503 1.814020698 2.518404692 
1.557901503 1.782065122 2.527422725 
1.580151503 1.726825840 2.511624124 
1.602411503 1.668396683 2.471236529 
1.624661503 1.621707392 2.437861081 
1.646921503 1.594388060 2.428404494 
1.669181503 1.588165713 2.443672835 
1.691431503 1.600575489 2.468672404 
1.713691503 1.626931818 2.512286309 
1.735941503 1.662954528 2.567006033 
1.758201503 1.707330103 2.631467492 
1.780451503 1.769810742 2.773025317 
1.802711503 1.873212861 2.891391276 
1.824971503 1.983745005 3.019138887 
1.847221503 2.101025762 3.144681775 
1.869481503 2.212149519 3.245211396 
1.891731503 2.298886465 3.336950420 
1.913991503 2.381990541 3.417723134 
1.936241503 2.462513271 3.507801273 
1.958501503 2.493735316 3.544809045 
1.980751503 2.500555723 3.555039656 
2.003011503 2.501599485 3.565415516 

0.000000000 2.758286442 3.876533497 
0.022253310 2.744094754 3.855513258 
0.044515280 2.693875937 3.800284423 
0.066763590 2.613200120 3.682297649 
0.089025560 2.516032175 3.634021991 
0.111278869 2.384323325 3.460693219 
0.133532179 2.261814669 3.303037495 
0.155789151 2.179150841 3.169535656 
0.178042461 2.125953081 3.083025144 
0.200304431 2.091078803 3.020239628 
0.222557741 2.071120028 2.981013406 
0.244811051 2.062817292 2.958807636 
0.267068023 2.064698286 2.943255424 
0.289321332 2.078221650 2.940008488 
0.311574642 2.104702899 2.941796039 
0.333836612 2.142891640 2.955716340 
0.356084922 2.184144442 2.827125955 
0.378346892 2.225646952 2.817896110 
0.400600202 2.269624770 2.817360736 
0.422853512 2.316523827 2.829098005 
0.445115482 2.338953201 2.939143440 
0.467363792 2.343816719 2.915820083 
0.489625761 2.345258240 2.914209466 
0.511879071 2.368520642 2.964792125 
0.534132381 2.431689456 3.096615318 
0.556389353 2.516466837 3.245990696 
0.578642663 2.588203339 3.390865520 
0.600904633 2.628024070 3.472638491 
0.623157943 2.641819768 3.521941909 
0.645411252 2.643303488 3.537179647 
0.667668224 2.642367038 3.549310159 
0.678801710 2.642856131 3.543233847 
0.689930196 2.644514652 3.538917150 
0.701055024 2.647443226 3.536517516 
0.712183510 2.651443685 3.533053412 
0.723311996 2.655922438 3.521941313 
0.734436824 2.659767034 3.510287851 
0.745565310 2.661272414 3.496859805 
0.756698796 2.658308084 3.475781552 
0.767827282 2.648939285 3.439809715 
0.778947106 2.632289805 3.393443355 
0.790080592 2.608893931 3.340377601 
0.801209078 2.580229835 3.293220519 
0.812328902 2.548027153 3.244781238 
0.823462388 2.513878538 3.193509135 
0.834590874 2.479172833 3.141216430 
0.845715702 2.445198186 3.095736148 
0.856844188 2.413331297 3.052308912 
0.867972674 2.385311087 3.012978101 
0.879097502 2.363560941 2.981659235 
0.890225988 2.351165198 2.965311043 
0.901359473 2.350468591 2.964361258 
0.912487959 2.360752874 2.976224864 
0.923607784 2.378608145 2.995615551 
0.934741270 2.400594776 3.019660839 
0.945869756 2.424485371 3.046619832 
0.956994584 2.449079474 3.075144932 
0.968123070 2.473786801 3.089309835 
0.979251556 2.498345233 3.098863513 
0.990376384 2.522663913 3.108713871 
1.001504870 2.546739522 3.118837957 
1.012633356 2.522663913 3.108713871 
1.023766841 2.498345233 3.098863513 
1.034886666 2.473786801 3.089309835 
1.046020151 2.449079474 3.075144932 
1.057148637 2.424485371 3.046619832 
1.068268462 2.400594776 3.019660839 
1.079401947 2.378608145 2.995615551 
1.090530433 2.360752874 2.976224864 
1.101655261 2.350468591 2.964361258 
1.112783747 2.351165198 2.965311043 
1.123912233 2.363560941 2.981659236 
1.135037061 2.385311087 3.012978101 
1.146165547 2.413331297 3.052308913 
1.157299033 2.445198186 3.095736148 
1.168427519 2.479172833 3.141216430 
1.179547344 2.513878538 3.193509135 
1.190680829 2.548027153 3.244781238 
1.201809315 2.580229835 3.293220519 
1.212929140 2.608893931 3.340377601 
1.224062625 2.632289805 3.393443355 
1.235191111 2.648939285 3.439809715 
1.246315939 2.658308084 3.475781552 
1.257444425 2.661272414 3.496859805 
1.268572911 2.659767034 3.510287851 
1.279706397 2.655922438 3.521941313 
1.290826221 2.651443685 3.533053412 
1.301959707 2.647443226 3.536517514 
1.313088193 2.644514652 3.538917147 
1.324208018 2.642856131 3.543233845 
1.335341503 2.642367038 3.549310159 
1.357601503 2.643303490 3.537179646 
1.379851503 2.641819774 3.521941918 
1.402111503 2.628024069 3.472638488 
1.424361503 2.588203321 3.390865498 
1.446621503 2.516466827 3.245990678 
1.468881503 2.431689504 3.096615359 
1.491131503 2.368520777 2.964792252 
1.513391503 2.345258432 2.914209659 
1.535641503 2.343816926 2.915820290 
1.557901503 2.338953407 2.939143643 
1.580151503 2.316523976 2.829098155 
1.602411503 2.269624904 2.817360871 
1.624661503 2.225647064 2.817896222 
1.646921503 2.184144524 2.827126038 
1.669181503 2.142891737 2.955716437 
1.691431503 2.104702926 2.941796066 
1.713691503 2.078221580 2.940008416 
1.735941503 2.064698094 2.943255229 
1.758201503 2.062816976 2.958807319 
1.780451503 2.071119623 2.981013002 
1.802711503 2.091078347 3.020239175 
1.824971503 2.125952611 3.083024674 
1.847221503 2.179150436 3.169535309 
1.869481503 2.261814679 3.303037651 
1.891731503 2.384323638 3.460693533 
1.913991503 2.516032567 3.634022383 
1.936241503 2.613200586 3.682298130 
1.958501503 2.693876414 3.800284888 
1.980751503 2.744094931 3.855513431 
2.003011503 2.758286442 3.876533497 

0.000000000 2.758286442 3.876533497 
0.022253310 2.747397085 3.857838445 
0.044515280 2.714609099 3.822472666 
0.066763590 2.635597489 3.753871495 
0.089025560 2.533160093 3.573742835 
0.111278869 2.461504590 3.464711487 
0.133532179 2.393287578 3.365588803 
0.155789151 2.330785539 3.278198288 
0.178042461 2.276336829 3.201989794 
0.200304431 2.229641330 3.134775488 
0.222557741 2.188632993 3.072890728 
0.244811051 2.152951534 3.017099219 
0.267068023 2.126909368 2.955486082 
0.289321332 2.116574969 2.905020378 
0.311574642 2.124547450 2.866417646 
0.333836612 2.148695614 2.843490902 
0.356084922 2.189191293 2.963317209 
0.378346892 2.238354234 2.973433184 
0.400600202 2.283942132 2.973705251 
0.422853512 2.319159431 2.964012958 
0.445115482 2.373379852 2.880510565 
0.467363792 2.452971830 2.965224449 
0.489625761 2.564616520 3.113732032 
0.511879071 2.705615749 3.287974966 
0.534132381 2.764048044 3.656779508 
0.556389353 2.747287661 3.644874054 
0.578642663 2.724379928 3.631650300 
0.600904633 2.699621307 3.609493368 
0.623157943 2.677300840 3.588852644 
0.645411252 2.661392941 3.573380797 
0.667668224 2.655401534 3.570006692 
0.678801710 2.657070222 3.570090079 
0.689930196 2.662277639 3.574478092 
0.701055024 2.671294141 3.583454442 
0.712183510 2.684343951 3.596708958 
0.723311996 2.701598635 3.613529264 
0.734436824 2.723165945 3.635748316 
0.745565310 2.749070150 3.663408010 
0.756698796 2.779211383 3.689361725 
0.767827282 2.813280587 3.714483122 
0.778947106 2.850560440 3.746172740 
0.790080592 2.889425082 3.783633784 
0.801209078 2.926052833 3.785327073 
0.812328902 2.952071992 3.737228213 
0.823462388 2.956964979 3.657254022 
0.834590874 2.941634346 3.591212555 
0.845715702 2.915809555 3.546152635 
0.856844188 2.886094373 3.492779150 
0.867972674 2.855478276 3.436066056 
0.879097502 2.825271919 3.382681563 
0.890225988 2.796043028 3.342350521 
0.901359473 2.767988765 3.303004466 
0.912487959 2.741098962 3.264623793 
0.923607784 2.715241809 3.234649290 
0.934741270 2.690221144 3.213283744 
0.945869756 2.665818699 3.192676389 
0.956994584 2.641823558 3.172423993 
0.968123070 2.618052019 3.157244607 
0.979251556 2.594354426 3.144169124 
0.990376384 2.570613754 3.131411639 
1.001504870 2.546739522 3.118837957 
1.012633356 2.570613754 3.131411639 
1.023766841 2.594354426 3.144169124 
1.034886666 2.618052019 3.157244607 
1.046020151 2.641823558 3.172423993 
1.057148637 2.665818699 3.192676389 
1.068268462 2.690221144 3.213283744 
1.079401947 2.715241809 3.234649290 
1.090530433 2.741098962 3.264623793 
1.101655261 2.767988765 3.303004466 
1.112783747 2.796043028 3.342350521 
1.123912233 2.825271919 3.382681563 
1.135037061 2.855478276 3.436066056 
1.146165547 2.886094373 3.492779150 
1.157299033 2.915809555 3.546152635 
1.168427519 2.941634346 3.591212555 
1.179547344 2.956964979 3.657254022 
1.190680829 2.952071992 3.737228213 
1.201809315 2.926052833 3.785327073 
1.212929140 2.889425082 3.783633784 
1.224062625 2.850560440 3.746172740 
1.235191111 2.813280587 3.714483122 
1.246315939 2.779211383 3.689361725 
1.257444425 2.749070150 3.663408010 
1.268572911 2.723165945 3.635748316 
1.279706397 2.701598635 3.613529264 
1.290826221 2.684343951 3.596708958 
1.301959707 2.671294141 3.583454441 
1.313088193 2.662277639 3.574478090 
1.324208018 2.657070222 3.570090077 
1.335341503 2.655401534 3.570006692 
1.357601503 2.661392968 3.573380821 
1.379851503 2.677300900 3.588852704 
1.402111503 2.699621406 3.609493468 
1.424361503 2.724380072 3.631650445 
1.446621503 2.747287854 3.644874248 
1.468881503 2.764048286 3.656779751 
1.491131503 2.705615847 3.287975071 
1.513391503 2.564616646 3.113732156 
1.535641503 2.452971977 2.965224593 
1.557901503 2.373380008 2.880510721 
1.580151503 2.319159633 2.964013158 
1.602411503 2.283942326 2.973705442 
1.624661503 2.238354410 2.973433359 
1.646921503 2.189191439 2.963317355 
1.669181503 2.148695650 2.843490937 
1.691431503 2.124547415 2.866417613 
1.713691503 2.116574833 2.905020244 
1.735941503 2.126909105 2.955485818 
1.758201503 2.152951143 3.017098827 
1.780451503 2.188632497 3.072890232 
1.802711503 2.229640759 3.134774916 
1.824971503 2.276336209 3.201989173 
1.847221503 2.330784898 3.278197649 
1.869481503 2.393286973 3.365588202 
1.891731503 2.461504142 3.464711067 
1.913991503 2.533160054 3.573742816 
1.936241503 2.635597910 3.753871914 
1.958501503 2.714609364 3.822472923 
1.980751503 2.747397123 3.857838478 
2.003011503 2.758286442 3.876533497 

0.000000000 2.849405290 3.946573304 
0.022253310 2.831839248 3.931101918 
0.044515280 2.783687358 3.884591313 
0.066763590 2.738681996 3.846834661 
0.089025560 2.696983892 3.806599949 
0.111278869 2.639387856 3.733723133 
0.133532179 2.567316809 3.645372451 
0.155789151 2.487032344 3.546270681 
0.178042461 2.405596742 3.439552364 
0.200304431 2.331355985 3.334391651 
0.222557741 2.273915833 3.241279497 
0.244811051 2.242025644 3.173186768 
0.267068023 2.239177945 3.138853109 
0.289321332 2.261644929 3.132630041 
0.311574642 2.302462515 3.155309269 
0.333836612 2.355282425 3.193742939 
0.356084922 2.415128861 3.253363834 
0.378346892 2.478199178 3.318726094 
0.400600202 2.541787396 3.392475977 
0.422853512 2.604131630 3.467376298 
0.445115482 2.663785598 3.545652495 
0.467363792 2.718860499 3.617646133 
0.489625761 2.765170074 3.657644630 
0.511879071 2.770881708 3.665204732 
0.534132381 2.842492555 3.754179794 
0.556389353 2.879030889 3.770080311 
0.578642663 2.928474196 3.789994061 
0.600904633 2.992682283 3.834890856 
0.623157943 3.055503531 3.874794529 
0.645411252 3.098523737 3.910368012 
0.667668224 3.113059554 3.918771400 
0.678801710 3.109699802 3.919513219 
0.689930196 3.100259642 3.913999955 
0.701055024 3.085954124 3.903204590 
0.712183510 3.068324369 3.889769557 
0.723311996 3.049267496 3.878945011 
0.734436824 3.031113197 3.870026874 
0.745565310 3.016670373 3.865387240 
0.756698796 3.009044102 3.868889469 
0.767827282 3.011009862 3.888380503 
0.778947106 3.024150708 3.923094974 
0.790080592 3.048508936 3.970033635 
0.801209078 3.083056848 4.012896828 
0.812328902 3.126395319 4.062013803 
0.823462388 3.168942831 3.975200786 
0.834590874 3.210912185 4.058388827 
0.845715702 3.269448644 4.136160295 
0.856844188 3.337768401 4.228882224 
0.867972674 3.412505299 4.331310284 
0.879097502 3.491193934 4.465744725 
0.890225988 3.546739864 4.538257819 
0.901359473 3.583653575 4.591176563 
0.912487959 3.595124878 4.613747979 
0.923607784 3.587539827 4.616217717 
0.934741270 3.571823781 4.615841138 
0.945869756 3.554803569 4.614717356 
0.956994584 3.539879841 4.615807040 
0.968123070 3.528800718 4.608486337 
0.979251556 3.522539715 4.603266031 
0.990376384 3.521665701 4.604868016 
1.001504870 3.526504070 4.613424207 
1.012633356 3.521665701 4.604868016 
1.023766841 3.522539715 4.603266031 
1.034886666 3.528800718 4.608486337 
1.046020151 3.539879841 4.615807040 
1.057148637 3.554803569 4.614717356 
1.068268462 3.571823781 4.615841138 
1.079401947 3.587539827 4.616217717 
1.090530433 3.595124878 4.613747979 
1.101655261 3.583653575 4.591176563 
1.112783747 3.546739864 4.538257819 
1.123912233 3.491193934 4.465744725 
1.135037061 3.412505299 4.331310284 
1.146165547 3.337768401 4.228882224 
1.157299033 3.269448644 4.136160295 
1.168427519 3.210912185 4.058388827 
1.179547344 3.168942831 3.975200786 
1.190680829 3.126395319 4.062013803 
1.201809315 3.083056848 4.012896828 
1.212929140 3.048508936 3.970033635 
1.224062625 3.024150708 3.923094974 
1.235191111 3.011009862 3.888380503 
1.246315939 3.009044102 3.868889469 
1.257444425 3.016670373 3.865387240 
1.268572911 3.031113197 3.870026874 
1.279706397 3.049267496 3.878945011 
1.290826221 3.068324369 3.889769557 
1.301959707 3.085954124 3.903204589 
1.313088193 3.100259642 3.913999953 
1.324208018 3.109699802 3.919513218 
1.335341503 3.113059554 3.918771401 
1.357601503 3.098523710 3.910367973 
1.379851503 3.055503510 3.874794511 
1.402111503 2.992682315 3.834890892 
1.424361503 2.928474328 3.789994197 
1.446621503 2.879031126 3.770080554 
1.468881503 2.842492870 3.754180109 
1.491131503 2.770881998 3.665205014 
1.513391503 2.765170400 3.657644955 
1.535641503 2.718860890 3.617646523 
1.557901503 2.663785967 3.545652866 
1.580151503 2.604131963 3.467376632 
1.602411503 2.541787686 3.392476268 
1.624661503 2.478199425 3.318726341 
1.646921503 2.415129073 3.253364044 
1.669181503 2.355282609 3.193743123 
1.691431503 2.302462682 3.155309435 
1.713691503 2.261645088 3.132630201 
1.735941503 2.239178097 3.138853263 
1.758201503 2.242025767 3.173186891 
1.780451503 2.273915881 3.241279540 
1.802711503 2.331355927 3.334391591 
1.824971503 2.405596583 3.439552202 
1.847221503 2.487032110 3.546270446 
1.869481503 2.567316530 3.645372174 
1.891731503 2.639387570 3.733722850 
1.913991503 2.696983648 3.806599706 
1.936241503 2.738681825 3.846834506 
1.958501503 2.783687303 3.884591267 
1.980751503 2.831839265 3.931101937 
2.003011503 2.849405290 3.946573304 

0.000000000 2.849405290 3.946573304 
0.022253310 2.834375155 3.932760358 
0.044515280 2.803294150 3.896915102 
0.066763590 2.780957731 3.858319236 
0.089025560 2.771347597 3.833439466 
0.111278869 2.744301394 3.790696032 
0.133532179 2.689410647 3.717737503 
0.155789151 2.621496638 3.628166195 
0.178042461 2.550593159 3.529286154 
0.200304431 2.485342808 3.430869708 
0.222557741 2.434855989 3.348867983 
0.244811051 2.406082718 3.291074967 
0.267068023 2.400238130 3.265690072 
0.289321332 2.413816066 3.264881965 
0.311574642 2.442120991 3.287966342 
0.333836612 2.480952533 3.325438967 
0.356084922 2.526727788 3.376050420 
0.378346892 2.576220919 3.432458648 
0.400600202 2.626283527 3.491367925 
0.422853512 2.673608921 3.547895989 
0.445115482 2.714678069 3.595361569 
0.467363792 2.746074108 3.633201688 
0.489625761 2.767180787 3.677635239 
0.511879071 2.807680227 3.722292885 
0.534132381 2.865044701 3.485383845 
0.556389353 3.030109066 3.672460957 
0.578642663 3.187967007 3.843091472 
0.600904633 3.325624000 3.989933763 
0.623157943 3.430816277 4.097375146 
0.645411252 3.494763570 4.164823013 
0.667668224 3.515308024 4.187890367 
0.678801710 3.510628505 4.183389171 
0.689930196 3.497357700 4.169984040 
0.701055024 3.476731752 4.148665714 
0.712183510 3.450020437 4.119128630 
0.723311996 3.418458632 4.080039592 
0.734436824 3.383214146 4.037343074 
0.745565310 3.345390914 3.992137933 
0.756698796 3.306067207 3.951120104 
0.767827282 3.266389232 3.913996280 
0.778947106 3.227781220 3.875484674 
0.790080592 3.192456574 3.836993564 
0.801209078 3.164711894 3.834023553 
0.812328902 3.153284215 3.885242831 
0.823462388 3.177147716 4.120704657 
0.834590874 3.234031073 4.187447279 
0.845715702 3.295754801 4.253066403 
0.856844188 3.360813175 4.322423980 
0.867972674 3.427111087 4.393447828 
0.879097502 3.491729936 4.436217506 
0.890225988 3.573920124 4.533274155 
0.901359473 3.657183601 4.633645067 
0.912487959 3.732319370 4.736209778 
0.923607784 3.718124926 4.741596039 
0.934741270 3.676421404 4.710109464 
0.945869756 3.637972924 4.684147556 
0.956994584 3.604427988 4.664489889 
0.968123070 3.576289529 4.643149639 
0.979251556 3.553831467 4.626061005 
0.990376384 3.537214248 4.616140373 
1.001504870 3.526504070 4.613424207 
1.012633356 3.537214248 4.616140373 
1.023766841 3.553831467 4.626061004 
1.034886666 3.576289529 4.643149638 
1.046020151 3.604427988 4.664489889 
1.057148637 3.637972924 4.684147556 
1.068268462 3.676421404 4.710109464 
1.079401947 3.718124926 4.741596039 
1.090530433 3.732319370 4.736209778 
1.101655261 3.657183601 4.633645067 
1.112783747 3.573920124 4.533274155 
1.123912233 3.491729936 4.436217506 
1.135037061 3.427111087 4.393447828 
1.146165547 3.360813175 4.322423980 
1.157299033 3.295754801 4.253066404 
1.168427519 3.234031073 4.187447279 
1.179547344 3.177147716 4.120704657 
1.190680829 3.153284215 3.885242831 
1.201809315 3.164711894 3.834023553 
1.212929140 3.192456574 3.836993564 
1.224062625 3.227781220 3.875484674 
1.235191111 3.266389232 3.913996280 
1.246315939 3.306067207 3.951120104 
1.257444425 3.345390914 3.992137933 
1.268572911 3.383214146 4.037343074 
1.279706397 3.418458632 4.080039592 
1.290826221 3.450020437 4.119128630 
1.301959707 3.476731752 4.148665713 
1.313088193 3.497357700 4.169984038 
1.324208018 3.510628505 4.183389169 
1.335341503 3.515308024 4.187890367 
1.357601503 3.494763538 4.164822966 
1.379851503 3.430816235 4.097375111 
1.402111503 3.325623972 3.989933737 
1.424361503 3.187967008 3.843091474 
1.446621503 3.030109103 3.672460993 
1.468881503 2.865044772 3.485383914 
1.491131503 2.807680592 3.722293249 
1.513391503 2.767181176 3.677635628 
1.535641503 2.746074457 3.633202036 
1.557901503 2.714678424 3.595361923 
1.580151503 2.673609263 3.547896331 
1.602411503 2.626283838 3.491368235 
1.624661503 2.576221182 3.432458910 
1.646921503 2.526727989 3.376050621 
1.669181503 2.480952664 3.325439098 
1.691431503 2.442121043 3.287966393 
1.713691503 2.413816034 3.264881933 
1.735941503 2.400238009 3.265689949 
1.758201503 2.406082501 3.291074749 
1.780451503 2.434855670 3.348867663 
1.802711503 2.485342388 3.430869289 
1.824971503 2.550592655 3.529285650 
1.847221503 2.621496072 3.628165629 
1.869481503 2.689410048 3.717736905 
1.891731503 2.744300852 3.790695497 
1.913991503 2.771347369 3.833439243 
1.936241503 2.780957675 3.858319188 
1.958501503 2.803294048 3.896915009 
1.980751503 2.834375114 3.932760344 
2.003011503 2.849405290 3.946573304 

0.000000000 3.015826141 4.137682874 
0.022253310 3.000727321 4.115901008 
0.044515280 2.966152734 4.072310824 
0.066763590 2.928015402 4.014599018 
0.089025560 2.902808630 3.972755944 
0.111278869 2.921655076 3.976993037 
0.133532179 2.987106567 4.033500076 
0.155789151 3.078697493 4.120096761 
0.178042461 3.184986198 4.219258366 
0.200304431 3.299508159 4.323947262 
0.222557741 3.417569955 4.434629785 
0.244811051 3.535327075 4.546637469 
0.267068023 3.649529386 4.652653490 
0.289321332 3.757488281 4.752729942 
0.311574642 3.857144200 4.844385240 
0.333836612 3.947193255 4.927717179 
0.356084922 4.027235508 4.998833396 
0.378346892 4.097892062 5.061685002 
0.400600202 4.160821697 5.115360154 
0.422853512 4.218568363 5.165177659 
0.445115482 4.260447513 5.246878708 
0.467363792 4.278238362 5.257286456 
0.489625761 4.298767646 5.267826835 
0.511879071 4.325208555 5.285416962 
0.534132381 4.358916069 5.311022264 
0.556389353 4.399010685 5.340582993 
0.578642663 4.442511320 5.372955320 
0.600904633 4.484943772 5.407278885 
0.623157943 4.521139075 5.437068301 
0.645411252 4.545989401 5.456751063 
0.667668224 4.555072840 5.461514471 
0.678801710 4.552630870 5.461144042 
0.689930196 4.545141815 5.455937610 
0.701055024 4.532439527 5.445670257 
0.712183510 4.514465187 5.430950759 
0.723311996 4.491268710 5.413377935 
0.734436824 4.463007316 5.391003408 
0.745565310 4.429941717 5.364025414 
0.756698796 4.392429053 5.334158034 
0.767827282 4.350915341 5.301935553 
0.778947106 4.305926628 5.266489703 
0.790080592 4.258060686 5.228398368 
0.801209078 4.207980587 5.189488362 
0.812328902 4.156412595 5.149931294 
0.823462388 4.104152311 5.110057087 
0.834590874 4.052086725 5.070608258 
0.845715702 4.001249954 5.028569620 
0.856844188 3.952951012 4.990460576 
0.867972674 3.909073903 4.958057793 
0.879097502 3.872782577 4.929732940 
0.890225988 3.849970632 4.902839564 
0.901359473 3.827388279 4.839938122 
0.912487959 3.784712735 4.788156814 
0.923607784 3.834542611 4.831434930 
0.934741270 3.913721479 4.908188873 
0.945869756 3.989794320 4.981296706 
0.956994584 4.059063745 5.047865411 
0.968123070 4.118667847 5.115812292 
0.979251556 4.147341147 5.399242461 
0.990376384 4.148236674 5.462714114 
1.001504870 4.151659266 5.488922643 
1.012633356 4.148236674 5.462714114 
1.023766841 4.147341147 5.399242461 
1.034886666 4.118667847 5.115812292 
1.046020151 4.059063745 5.047865412 
1.057148637 3.989794320 4.981296706 
1.068268462 3.913721479 4.908188873 
1.079401947 3.834542611 4.831434930 
1.090530433 3.784712735 4.788156814 
1.101655261 3.827388279 4.839938122 
1.112783747 3.849970632 4.902839564 
1.123912233 3.872782577 4.929732940 
1.135037061 3.909073903 4.958057792 
1.146165547 3.952951012 4.990460575 
1.157299033 4.001249954 5.028569620 
1.168427519 4.052086725 5.070608258 
1.179547344 4.104152311 5.110057087 
1.190680829 4.156412595 5.149931294 
1.201809315 4.207980587 5.189488362 
1.212929140 4.258060686 5.228398368 
1.224062625 4.305926628 5.266489703 
1.235191111 4.350915341 5.301935553 
1.246315939 4.392429053 5.334158034 
1.257444425 4.429941717 5.364025414 
1.268572911 4.463007316 5.391003408 
1.279706397 4.491268710 5.413377935 
1.290826221 4.514465187 5.430950759 
1.301959707 4.532439527 5.445670257 
1.313088193 4.545141815 5.455937610 
1.324208018 4.552630870 5.461144042 
1.335341503 4.555072840 5.461514471 
1.357601503 4.545989312 5.456750974 
1.379851503 4.521138896 5.437068122 
1.402111503 4.484943501 5.407278613 
1.424361503 4.442510960 5.372954960 
1.446621503 4.399010242 5.340582550 
1.468881503 4.358915557 5.311021751 
1.491131503 4.325207994 5.285416401 
1.513391503 4.298767063 5.267826252 
1.535641503 4.278237786 5.257285879 
1.557901503 4.260446973 5.246878168 
1.580151503 4.218567910 5.165177206 
1.602411503 4.160821307 5.115359764 
1.624661503 4.097891752 5.061684691 
1.646921503 4.027235291 4.998833179 
1.669181503 3.947193138 4.927717062 
1.691431503 3.857144187 4.844385227 
1.713691503 3.757488373 4.752730033 
1.735941503 3.649529581 4.652653685 
1.758201503 3.535327372 4.546637765 
1.780451503 3.417570351 4.434630180 
1.802711503 3.299508653 4.323947756 
1.824971503 3.184986788 4.219258956 
1.847221503 3.078698173 4.120097442 
1.869481503 2.987107316 4.033500824 
1.891731503 2.921655782 3.976993739 
1.913991503 2.902808956 3.972756267 
1.936241503 2.928015358 4.014598962 
1.958501503 2.966152594 4.072310672 
1.980751503 3.000727238 4.115900921 
2.003011503 3.015826141 4.137682874 

0.000000000 3.015826141 4.137682874 
0.022253310 3.001191169 4.116628854 
0.044515280 2.973312120 4.081624407 
0.066763590 2.961471008 4.062699770 
0.089025560 2.985241568 4.082060537 
0.111278869 3.045465223 4.129283879 
0.133532179 3.131646707 4.206625240 
0.155789151 3.234332863 4.303463753 
0.178042461 3.346926451 4.410169856 
0.200304431 3.464460700 4.520782762 
0.222557741 3.582802177 4.633843079 
0.244811051 3.698304999 4.745084863 
0.267068023 3.807689706 4.848024667 
0.289321332 3.908044478 4.941972910 
0.311574642 3.996918837 5.024138393 
0.333836612 4.072502820 5.094024109 
0.356084922 4.133868471 5.147847745 
0.378346892 4.181218877 5.188708183 
0.400600202 4.216058057 5.215846463 
0.422853512 4.241185030 5.234499163 
0.445115482 4.274203002 5.213355365 
0.467363792 4.330768188 5.262156867 
0.489625761 4.390593176 5.312527677 
0.511879071 4.454631362 5.368482431 
0.534132381 4.522033211 5.428616298 
0.556389353 4.590135367 5.486936137 
0.578642663 4.654900959 5.540324810 
0.600904633 4.711754397 5.590118649 
0.623157943 4.756527015 5.629018985 
0.645411252 4.785792437 5.652669016 
0.667668224 4.796295384 5.658001452 
0.678801710 4.793472794 5.657716081 
0.689930196 4.784792161 5.651666744 
0.701055024 4.770019884 5.639556812 
0.712183510 4.749054027 5.622269264 
0.723311996 4.721932291 5.602082226 
0.734436824 4.688826542 5.576034008 
0.745565310 4.650029464 5.544368197 
0.756698796 4.605936349 5.508513668 
0.767827282 4.557027388 5.469131658 
0.778947106 4.503850441 5.425707242 
0.790080592 4.447006124 5.378771843 
0.801209078 4.387134974 5.330131751 
0.812328902 4.324906883 5.280010758 
0.823462388 4.261012193 5.228645917 
0.834590874 4.196153897 5.176628296 
0.845715702 4.131041620 5.119500137 
0.856844188 4.066386342 5.063434783 
0.867972674 4.002899756 5.009144713 
0.879097502 3.941304142 4.954724417 
0.890225988 3.882390348 4.895523619 
0.901359473 3.850110437 4.901324048 
0.912487959 3.879134831 4.934932477 
0.923607784 3.929454745 4.990952159 
0.934741270 3.988522339 5.050079552 
0.945869756 4.047291867 5.108727561 
0.956994584 4.098991830 5.162267636 
0.968123070 4.135223713 5.254290914 
0.979251556 4.164997398 5.207144425 
0.990376384 4.161165466 5.486359640 
1.001504870 4.151659266 5.488922643 
1.012633356 4.161165466 5.486359640 
1.023766841 4.164997398 5.207144425 
1.034886666 4.135223713 5.254290914 
1.046020151 4.098991830 5.162267636 
1.057148637 4.047291867 5.108727561 
1.068268462 3.988522339 5.050079552 
1.079401947 3.929454745 4.990952159 
1.090530433 3.879134831 4.934932477 
1.101655261 3.850110437 4.901324047 
1.112783747 3.882390348 4.895523619 
1.123912233 3.941304142 4.954724417 
1.135037061 4.002899756 5.009144713 
1.146165547 4.066386342 5.063434783 
1.157299033 4.131041620 5.119500137 
1.168427519 4.196153897 5.176628295 
1.179547344 4.261012193 5.228645917 
1.190680829 4.324906883 5.280010758 
1.201809315 4.387134974 5.330131751 
1.212929140 4.447006124 5.378771843 
1.224062625 4.503850441 5.425707242 
1.235191111 4.557027388 5.469131658 
1.246315939 4.605936349 5.508513668 
1.257444425 4.650029464 5.544368197 
1.268572911 4.688826542 5.576034008 
1.279706397 4.721932291 5.602082226 
1.290826221 4.749054027 5.622269264 
1.301959707 4.770019884 5.639556812 
1.313088193 4.784792161 5.651666744 
1.324208018 4.793472794 5.657716081 
1.335341503 4.796295384 5.658001452 
1.357601503 4.785792362 5.652668942 
1.379851503 4.756526863 5.629018833 
1.402111503 4.711754168 5.590118420 
1.424361503 4.654900658 5.540324508 
1.446621503 4.590135000 5.486935769 
1.468881503 4.522032787 5.428615874 
1.491131503 4.454630892 5.368481961 
1.513391503 4.390592677 5.312527177 
1.535641503 4.330767679 5.262156358 
1.557901503 4.274202509 5.213354872 
1.580151503 4.241184551 5.234498684 
1.602411503 4.216057659 5.215846064 
1.624661503 4.181218573 5.188707878 
1.646921503 4.133868268 5.147847542 
1.669181503 4.072502722 5.094024011 
1.691431503 3.996918841 5.024138397 
1.713691503 3.908044581 4.941973012 
1.735941503 3.807689901 4.848024861 
1.758201503 3.698305279 4.745085142 
1.780451503 3.582802532 4.633843434 
1.802711503 3.464461121 4.520783183 
1.824971503 3.346926926 4.410170331 
1.847221503 3.234333376 4.303464266 
1.869481503 3.131647233 4.206625765 
1.891731503 3.045465717 4.129284371 
1.913991503 2.985241951 4.082060919 
1.936241503 2.961471198 4.062699947 
1.958501503 2.973312165 4.081624441 
1.980751503 3.001191191 4.116628879 
2.003011503 3.015826141 4.137682874 

0.000000000 4.001827996 5.547701324 
0.022253310 4.030258484 5.562004326 
0.044515280 4.104647292 5.630110945 
0.066763590 4.204070031 5.721744184 
0.089025560 4.312362311 5.824391118 
0.111278869 4.421838594 5.929701793 
0.133532179 4.531091194 6.036475716 
0.155789151 4.641689885 6.147000281 
0.178042461 4.755874950 6.261729821 
0.200304431 4.875546725 6.382707948 
0.222557741 5.002023332 6.511557518 
0.244811051 5.136082725 6.648660928 
0.267068023 5.278055895 6.795440769 
0.289321332 5.427888504 6.950870424 
0.311574642 5.585132351 7.114068643 
0.333836612 5.748798387 7.284142631 
0.356084922 5.916832674 7.458416954 
0.378346892 6.084238922 7.629492081 
0.400600202 6.235039598 7.760186633 
0.422853512 6.311768666 7.809169091 
0.445115482 6.251215608 7.693695766 
0.467363792 6.127276146 7.532675299 
0.489625761 5.997313694 7.392284142 
0.511879071 5.877704411 7.263024865 
0.534132381 5.753690370 7.174355336 
0.556389353 5.649914698 7.065995895 
0.578642663 5.575339400 6.993317088 
0.600904633 5.535841430 6.954664178 
0.623157943 5.535808171 6.961697234 
0.645411252 5.570338428 7.023829154 
0.667668224 5.600747713 7.091223407 
0.678801710 5.588576844 7.060588006 
0.689930196 5.554260561 7.008053709 
0.701055024 5.505587418 6.940999687 
0.712183510 5.449126400 6.869600433 
0.723311996 5.388511893 6.804418561 
0.734436824 5.325625138 6.737278614 
0.745565310 5.261485447 6.669185431 
0.756698796 5.196688509 6.600944274 
0.767827282 5.131612131 6.532889468 
0.778947106 5.066516800 6.465075702 
0.790080592 5.001598382 6.397706623 
0.801209078 4.937018747 6.334416739 
0.812328902 4.872926101 6.273175619 
0.823462388 4.809470685 6.212980080 
0.834590874 4.746818525 6.153969654 
0.845715702 4.685164987 6.088272174 
0.856844188 4.624748018 6.024471412 
0.867972674 4.565861266 5.962900970 
0.879097502 4.508866041 5.904201851 
0.890225988 4.454201420 5.849442315 
0.901359473 4.402391597 5.798508594 
0.912487959 4.354051582 5.752078730 
0.923607784 4.309895566 5.700663150 
0.934741270 4.270768141 5.646005568 
0.945869756 4.237770759 5.600053500 
0.956994584 4.212805462 5.562830764 
0.968123070 4.200769868 5.481595997 
0.979251556 4.179775095 5.460846856 
0.990376384 4.199778423 5.214333717 
1.001504870 4.216574565 5.237549015 
1.012633356 4.199778423 5.214333717 
1.023766841 4.179775095 5.460846856 
1.034886666 4.200769868 5.481595997 
1.046020151 4.212805462 5.562830764 
1.057148637 4.237770759 5.600053500 
1.068268462 4.270768141 5.646005568 
1.079401947 4.309895566 5.700663150 
1.090530433 4.354051582 5.752078730 
1.101655261 4.402391597 5.798508594 
1.112783747 4.454201420 5.849442315 
1.123912233 4.508866041 5.904201851 
1.135037061 4.565861266 5.962900970 
1.146165547 4.624748018 6.024471412 
1.157299033 4.685164987 6.088272174 
1.168427519 4.746818525 6.153969654 
1.179547344 4.809470685 6.212980080 
1.190680829 4.872926101 6.273175619 
1.201809315 4.937018747 6.334416739 
1.212929140 5.001598382 6.397706623 
1.224062625 5.066516800 6.465075702 
1.235191111 5.131612131 6.532889468 
1.246315939 5.196688509 6.600944274 
1.257444425 5.261485447 6.669185431 
1.268572911 5.325625138 6.737278614 
1.279706397 5.388511893 6.804418561 
1.290826221 5.449126400 6.869600433 
1.301959707 5.505587418 6.940999688 
1.313088193 5.554260561 7.008053711 
1.324208018 5.588576844 7.060588008 
1.335341503 5.600747713 7.091223406 
1.357601503 5.570339392 7.023830142 
1.379851503 5.535809504 6.961698567 
1.402111503 5.535842909 6.954665659 
1.424361503 5.575340938 6.993318627 
1.446621503 5.649916254 7.065997452 
1.468881503 5.753691922 7.174356888 
1.491131503 5.877705834 7.263026288 
1.513391503 5.997315123 7.392285571 
1.535641503 6.127277544 7.532676697 
1.557901503 6.251216854 7.693697011 
1.580151503 6.311769388 7.809169810 
1.602411503 6.235039772 7.760186808 
1.624661503 6.084238921 7.629492080 
1.646921503 5.916832618 7.458416898 
1.669181503 5.748798311 7.284142554 
1.691431503 5.585132268 7.114068559 
1.713691503 5.427888419 6.950870340 
1.735941503 5.278055812 6.795440685 
1.758201503 5.136082646 6.648660849 
1.780451503 5.002023257 6.511557443 
1.802711503 4.875546655 6.382707878 
1.824971503 4.755874886 6.261729757 
1.847221503 4.641689828 6.147000225 
1.869481503 4.531091147 6.036475669 
1.891731503 4.421838560 5.929701758 
1.913991503 4.312362292 5.824391098 
1.936241503 4.204070026 5.721744178 
1.958501503 4.104647296 5.630110948 
1.980751503 4.030258489 5.562004334 
2.003011503 4.001827996 5.547701324 

0.000000000 4.001827996 5.547701324 
0.022253310 4.030417430 5.562344151 
0.044515280 4.105549849 5.632368077 
0.066763590 4.205992019 5.732461868 
0.089025560 4.315119751 5.841322988 
0.111278869 4.425144059 5.945493636 
0.133532179 4.534790393 6.051199156 
0.155789151 4.645795122 6.161104350 
0.178042461 4.760522786 6.275800602 
0.200304431 4.880963290 6.397379007 
0.222557741 5.008516265 6.527227227 
0.244811051 5.144057173 6.665788557 
0.267068023 5.288053458 6.814966272 
0.289321332 5.440657266 6.973661049 
0.311574642 5.601754987 7.141515479 
0.333836612 5.770955476 7.317893201 
0.356084922 5.947444291 7.504294069 
0.378346892 6.129380529 7.695225892 
0.400600202 6.310715888 7.874711599 
0.422853512 6.445876344 7.994085697 
0.445115482 6.358330696 7.847847029 
0.467363792 6.192477411 7.643152444 
0.489625761 6.029633217 7.471574492 
0.511879071 5.881666813 7.313309677 
0.534132381 5.774203134 7.151043018 
0.556389353 5.690610363 7.067881805 
0.578642663 5.631416388 7.016950120 
0.600904633 5.601701804 6.993820710 
0.623157943 5.603701661 7.009226649 
0.645411252 5.628861034 7.053804112 
0.667668224 5.647293698 7.098403798 
0.678801710 5.640271185 7.078027646 
0.689930196 5.618244467 7.043003241 
0.701055024 5.582428730 6.994052331 
0.712183510 5.535948608 6.935932269 
0.723311996 5.481991148 6.875513615 
0.734436824 5.423035847 6.810609128 
0.745565310 5.360820181 6.742940478 
0.756698796 5.296524638 6.673068494 
0.767827282 5.230954870 6.601585430 
0.778947106 5.164672385 6.529652313 
0.790080592 5.098079731 6.457733230 
0.801209078 5.031474964 6.391736087 
0.812328902 4.965087682 6.328250888 
0.823462388 4.899104920 6.265630717 
0.834590874 4.833692182 6.204052943 
0.845715702 4.769013194 6.132230548 
0.856844188 4.705249514 6.062045908 
0.867972674 4.642620729 5.993710301 
0.879097502 4.581404121 5.928561631 
0.890225988 4.521952398 5.869188697 
0.901359473 4.464706639 5.812879443 
0.912487959 4.410202025 5.760201485 
0.923607784 4.359062664 5.703687359 
0.934741270 4.311984376 5.644205531 
0.945869756 4.269704754 5.590777945 
0.956994584 4.232964760 5.544233968 
0.968123070 4.202487659 5.512882040 
0.979251556 4.207479415 5.340381322 
0.990376384 4.217810036 5.273965329 
1.001504870 4.216574565 5.237549015 
1.012633356 4.217810036 5.273965329 
1.023766841 4.207479415 5.340381322 
1.034886666 4.202487659 5.512882040 
1.046020151 4.232964760 5.544233968 
1.057148637 4.269704754 5.590777945 
1.068268462 4.311984376 5.644205531 
1.079401947 4.359062664 5.703687359 
1.090530433 4.410202025 5.760201485 
1.101655261 4.464706639 5.812879443 
1.112783747 4.521952398 5.869188697 
1.123912233 4.581404121 5.928561631 
1.135037061 4.642620729 5.993710301 
1.146165547 4.705249514 6.062045908 
1.157299033 4.769013194 6.132230548 
1.168427519 4.833692182 6.204052942 
1.179547344 4.899104920 6.265630717 
1.190680829 4.965087682 6.328250888 
1.201809315 5.031474964 6.391736087 
1.212929140 5.098079731 6.457733230 
1.224062625 5.164672385 6.529652313 
1.235191111 5.230954870 6.601585430 
1.246315939 5.296524638 6.673068494 
1.257444425 5.360820181 6.742940478 
1.268572911 5.423035847 6.810609128 
1.279706397 5.481991148 6.875513615 
1.290826221 5.535948608 6.935932269 
1.301959707 5.582428730 6.994052332 
1.313088193 5.618244467 7.043003244 
1.324208018 5.640271185 7.078027649 
1.335341503 5.647293698 7.098403797 
1.357601503 5.628861666 7.053804769 
1.379851503 5.603702673 7.009227659 
1.402111503 5.601703015 6.993821924 
1.424361503 5.631417701 7.016951434 
1.446621503 5.690611732 7.067883175 
1.468881503 5.774204536 7.151044420 
1.491131503 5.881668348 7.313311211 
1.513391503 6.029634722 7.471575996 
1.535641503 6.192478863 7.643153896 
1.557901503 6.358332004 7.847848336 
1.580151503 6.445876806 7.994086152 
1.602411503 6.310715895 7.874711606 
1.624661503 6.129380490 7.695225853 
1.646921503 5.947444236 7.504294015 
1.669181503 5.770955414 7.317893140 
1.691431503 5.601754922 7.141515415 
1.713691503 5.440657201 6.973660984 
1.735941503 5.288053393 6.814966207 
1.758201503 5.144057110 6.665788495 
1.780451503 5.008516205 6.527227167 
1.802711503 4.880963233 6.397378949 
1.824971503 4.760522733 6.275800548 
1.847221503 4.645795073 6.161104301 
1.869481503 4.534790350 6.051199112 
1.891731503 4.425144024 5.945493600 
1.913991503 4.315119725 5.841322962 
1.936241503 4.205992003 5.732461851 
1.958501503 4.105549840 5.632368066 
1.980751503 4.030417425 5.562344144 
2.003011503 4.001827996 5.547701324 

