 -------  Norm of dcc matrices : Spins =            1  -------
           k-point           ik_co    c   dist    |dcc|^2      
---------------------------------------------------------------
 (  0.000 ,  0.000 ,  0.000 )    1    1  0.000   1.000000
 (  0.000 ,  0.000 ,  0.000 )    1    2  0.000   1.000000
 (  0.000 ,  0.000 ,  0.000 )    1    3  0.000   1.000000
 (  0.000 ,  0.000 ,  0.000 )    1    4  0.000   1.000000
 (  0.000 ,  0.000 ,  0.000 )    1    5  0.000   1.000000
 (  0.000 ,  0.000 ,  0.000 )    1    6  0.000   1.000000
 (  0.000 ,  0.000 ,  0.000 )    1    7  0.000   1.000000
 (  0.000 ,  0.000 ,  0.000 )    1    8  0.000   1.000000
 (  0.000 ,  0.000 ,  0.000 )    1    9  0.000   1.000000
 (  0.000 ,  0.000 ,  0.000 )    1   10  0.000   1.000000
 (  0.011 ,  0.011 ,  0.000 )    1    1  0.022   0.996498
 (  0.011 ,  0.011 ,  0.000 )    1    2  0.022   0.996677
 (  0.011 ,  0.011 ,  0.000 )    1    3  0.022   0.996237
 (  0.011 ,  0.011 ,  0.000 )    1    4  0.022   0.996495
 (  0.011 ,  0.011 ,  0.000 )    1    5  0.022   0.997013
 (  0.011 ,  0.011 ,  0.000 )    1    6  0.022   0.997210
 (  0.011 ,  0.011 ,  0.000 )    1    7  0.022   0.996501
 (  0.011 ,  0.011 ,  0.000 )    1    8  0.022   0.996606
 (  0.011 ,  0.011 ,  0.000 )    1    9  0.022   0.998625
 (  0.011 ,  0.011 ,  0.000 )    1   10  0.022   0.998607
 (  0.022 ,  0.022 ,  0.000 )    2    1  0.024   0.997674
 (  0.022 ,  0.022 ,  0.000 )    2    2  0.024   0.997209
 (  0.022 ,  0.022 ,  0.000 )    2    3  0.024   0.996223
 (  0.022 ,  0.022 ,  0.000 )    2    4  0.024   0.995614
 (  0.022 ,  0.022 ,  0.000 )    2    5  0.024   0.996314
 (  0.022 ,  0.022 ,  0.000 )    2    6  0.024   0.995655
 (  0.022 ,  0.022 ,  0.000 )    2    7  0.024   0.995418
 (  0.022 ,  0.022 ,  0.000 )    2    8  0.024   0.994935
 (  0.022 ,  0.022 ,  0.000 )    2    9  0.024   0.998710
 (  0.022 ,  0.022 ,  0.000 )    2   10  0.024   0.998724
 (  0.033 ,  0.033 ,  0.000 )   71    1  0.017   0.998149
 (  0.033 ,  0.033 ,  0.000 )   71    2  0.017   0.998185
 (  0.033 ,  0.033 ,  0.000 )   71    3  0.017   0.998651
 (  0.033 ,  0.033 ,  0.000 )   71    4  0.017   0.998415
 (  0.033 ,  0.033 ,  0.000 )   71    5  0.017   0.998925
 (  0.033 ,  0.033 ,  0.000 )   71    6  0.017   0.998951
 (  0.033 ,  0.033 ,  0.000 )   71    7  0.017   0.998721
 (  0.033 ,  0.033 ,  0.000 )   71    8  0.017   0.999081
 (  0.033 ,  0.033 ,  0.000 )   71    9  0.017   0.996616
 (  0.033 ,  0.033 ,  0.000 )   71   10  0.017   0.996568
 (  0.044 ,  0.044 ,  0.000 )   71    1  0.006   0.999806
 (  0.044 ,  0.044 ,  0.000 )   71    2  0.006   0.999809
 (  0.044 ,  0.044 ,  0.000 )   71    3  0.006   0.999834
 (  0.044 ,  0.044 ,  0.000 )   71    4  0.006   0.999842
 (  0.044 ,  0.044 ,  0.000 )   71    5  0.006   0.999878
 (  0.044 ,  0.044 ,  0.000 )   71    6  0.006   0.999893
 (  0.044 ,  0.044 ,  0.000 )   71    7  0.006   0.999891
 (  0.044 ,  0.044 ,  0.000 )   71    8  0.006   0.999922
 (  0.044 ,  0.044 ,  0.000 )   71    9  0.006   0.999621
 (  0.044 ,  0.044 ,  0.000 )   71   10  0.006   0.999616
 (  0.056 ,  0.056 ,  0.000 )   71    1  0.028   0.995861
 (  0.056 ,  0.056 ,  0.000 )   71    2  0.028   0.995683
 (  0.056 ,  0.056 ,  0.000 )   71    3  0.028   0.996162
 (  0.056 ,  0.056 ,  0.000 )   71    4  0.028   0.995936
 (  0.056 ,  0.056 ,  0.000 )   71    5  0.028   0.996819
 (  0.056 ,  0.056 ,  0.000 )   71    6  0.028   0.996877
 (  0.056 ,  0.056 ,  0.000 )   71    7  0.028   0.998202
 (  0.056 ,  0.056 ,  0.000 )   71    8  0.028   0.998342
 (  0.056 ,  0.056 ,  0.000 )   71    9  0.028   0.991306
 (  0.056 ,  0.056 ,  0.000 )   71   10  0.028   0.991231
 (  0.067 ,  0.067 ,  0.000 )   77    1  0.025   0.998105
 (  0.067 ,  0.067 ,  0.000 )   77    2  0.025   0.998745
 (  0.067 ,  0.067 ,  0.000 )   77    3  0.025   0.998177
 (  0.067 ,  0.067 ,  0.000 )   77    4  0.025   0.998343
 (  0.067 ,  0.067 ,  0.000 )   77    5  0.025   0.995632
 (  0.067 ,  0.067 ,  0.000 )   77    6  0.025   0.995573
 (  0.067 ,  0.067 ,  0.000 )   77    7  0.025   0.994649
 (  0.067 ,  0.067 ,  0.000 )   77    8  0.025   0.994216
 (  0.067 ,  0.067 ,  0.000 )   77    9  0.025   0.998684
 (  0.067 ,  0.067 ,  0.000 )   77   10  0.025   0.998762
 (  0.078 ,  0.078 ,  0.000 )  197    1  0.011   0.999567
 (  0.078 ,  0.078 ,  0.000 )  197    2  0.011   0.999574
 (  0.078 ,  0.078 ,  0.000 )  197    3  0.011   0.999634
 (  0.078 ,  0.078 ,  0.000 )  197    4  0.011   0.999613
 (  0.078 ,  0.078 ,  0.000 )  197    5  0.011   0.999530
 (  0.078 ,  0.078 ,  0.000 )  197    6  0.011   0.999516
 (  0.078 ,  0.078 ,  0.000 )  197    7  0.011   0.999666
 (  0.078 ,  0.078 ,  0.000 )  197    8  0.011   0.999635
 (  0.078 ,  0.078 ,  0.000 )  197    9  0.011   0.999579
 (  0.078 ,  0.078 ,  0.000 )  197   10  0.011   0.999584
 (  0.089 ,  0.089 ,  0.000 )  197    1  0.011   0.999598
 (  0.089 ,  0.089 ,  0.000 )  197    2  0.011   0.999576
 (  0.089 ,  0.089 ,  0.000 )  197    3  0.011   0.999693
 (  0.089 ,  0.089 ,  0.000 )  197    4  0.011   0.999644
 (  0.089 ,  0.089 ,  0.000 )  197    5  0.011   0.999550
 (  0.089 ,  0.089 ,  0.000 )  197    6  0.011   0.999537
 (  0.089 ,  0.089 ,  0.000 )  197    7  0.011   0.999649
 (  0.089 ,  0.089 ,  0.000 )  197    8  0.011   0.999623
 (  0.089 ,  0.089 ,  0.000 )  197    9  0.011   0.999678
 (  0.089 ,  0.089 ,  0.000 )  197   10  0.011   0.999683
 (  0.100 ,  0.100 ,  0.000 )  301    1  0.025   0.998394
 (  0.100 ,  0.100 ,  0.000 )  301    2  0.025   0.998325
 (  0.100 ,  0.100 ,  0.000 )  301    3  0.025   0.998762
 (  0.100 ,  0.100 ,  0.000 )  301    4  0.025   0.998092
 (  0.100 ,  0.100 ,  0.000 )  301    5  0.025   0.997300
 (  0.100 ,  0.100 ,  0.000 )  301    6  0.025   0.997392
 (  0.100 ,  0.100 ,  0.000 )  301    7  0.025   0.996097
 (  0.100 ,  0.100 ,  0.000 )  301    8  0.025   0.995778
 (  0.100 ,  0.100 ,  0.000 )  301    9  0.025   0.998614
 (  0.100 ,  0.100 ,  0.000 )  301   10  0.025   0.998706
 (  0.111 ,  0.111 ,  0.000 )  203    1  0.028   0.998215
 (  0.111 ,  0.111 ,  0.000 )  203    2  0.028   0.997986
 (  0.111 ,  0.111 ,  0.000 )  203    3  0.028   0.998625
 (  0.111 ,  0.111 ,  0.000 )  203    4  0.028   0.997658
 (  0.111 ,  0.111 ,  0.000 )  203    5  0.028   0.997083
 (  0.111 ,  0.111 ,  0.000 )  203    6  0.028   0.997290
 (  0.111 ,  0.111 ,  0.000 )  203    7  0.028   0.995471
 (  0.111 ,  0.111 ,  0.000 )  203    8  0.028   0.995171
 (  0.111 ,  0.111 ,  0.000 )  203    9  0.028   0.998474
 (  0.111 ,  0.111 ,  0.000 )  203   10  0.028   0.998581
 (  0.122 ,  0.122 ,  0.000 )  305    1  0.006   0.999911
 (  0.122 ,  0.122 ,  0.000 )  305    2  0.006   0.999924
 (  0.122 ,  0.122 ,  0.000 )  305    3  0.006   0.999950
 (  0.122 ,  0.122 ,  0.000 )  305    4  0.006   0.999920
 (  0.122 ,  0.122 ,  0.000 )  305    5  0.006   0.999913
 (  0.122 ,  0.122 ,  0.000 )  305    6  0.006   0.999930
 (  0.122 ,  0.122 ,  0.000 )  305    7  0.006   0.999870
 (  0.122 ,  0.122 ,  0.000 )  305    8  0.006   0.999864
 (  0.122 ,  0.122 ,  0.000 )  305    9  0.006   0.999971
 (  0.122 ,  0.122 ,  0.000 )  305   10  0.006   0.999975
 (  0.133 ,  0.133 ,  0.000 )  305    1  0.017   0.999218
 (  0.133 ,  0.133 ,  0.000 )  305    2  0.017   0.999354
 (  0.133 ,  0.133 ,  0.000 )  305    3  0.017   0.999528
 (  0.133 ,  0.133 ,  0.000 )  305    4  0.017   0.999212
 (  0.133 ,  0.133 ,  0.000 )  305    5  0.017   0.999305
 (  0.133 ,  0.133 ,  0.000 )  305    6  0.017   0.999475
 (  0.133 ,  0.133 ,  0.000 )  305    7  0.017   0.998772
 (  0.133 ,  0.133 ,  0.000 )  305    8  0.017   0.998722
 (  0.133 ,  0.133 ,  0.000 )  305    9  0.017   0.999720
 (  0.133 ,  0.133 ,  0.000 )  305   10  0.017   0.999771
 (  0.144 ,  0.144 ,  0.000 )  391    1  0.024   0.998675
 (  0.144 ,  0.144 ,  0.000 )  391    2  0.024   0.998778
 (  0.144 ,  0.144 ,  0.000 )  391    3  0.024   0.998632
 (  0.144 ,  0.144 ,  0.000 )  391    4  0.024   0.998240
 (  0.144 ,  0.144 ,  0.000 )  391    5  0.024   0.998643
 (  0.144 ,  0.144 ,  0.000 )  391    6  0.024   0.998488
 (  0.144 ,  0.144 ,  0.000 )  391    7  0.024   0.997280
 (  0.144 ,  0.144 ,  0.000 )  391    8  0.024   0.997147
 (  0.144 ,  0.144 ,  0.000 )  391    9  0.024   0.997956
 (  0.144 ,  0.144 ,  0.000 )  391   10  0.024   0.998142
 (  0.156 ,  0.156 ,  0.000 )  395    1  0.022   0.998825
 (  0.156 ,  0.156 ,  0.000 )  395    2  0.022   0.999004
 (  0.156 ,  0.156 ,  0.000 )  395    3  0.022   0.998796
 (  0.156 ,  0.156 ,  0.000 )  395    4  0.022   0.998177
 (  0.156 ,  0.156 ,  0.000 )  395    5  0.022   0.998806
 (  0.156 ,  0.156 ,  0.000 )  395    6  0.022   0.999311
 (  0.156 ,  0.156 ,  0.000 )  395    7  0.022   0.997119
 (  0.156 ,  0.156 ,  0.000 )  395    8  0.022   0.996949
 (  0.156 ,  0.156 ,  0.000 )  395    9  0.022   0.998453
 (  0.156 ,  0.156 ,  0.000 )  395   10  0.022   0.999083
 (  0.167 ,  0.167 ,  0.000 )  395    1  0.000   1.000000
 (  0.167 ,  0.167 ,  0.000 )  395    2  0.000   1.000000
 (  0.167 ,  0.167 ,  0.000 )  395    3  0.000   1.000000
 (  0.167 ,  0.167 ,  0.000 )  395    4  0.000   1.000000
 (  0.167 ,  0.167 ,  0.000 )  395    5  0.000   1.000000
 (  0.167 ,  0.167 ,  0.000 )  395    6  0.000   1.000000
 (  0.167 ,  0.167 ,  0.000 )  395    7  0.000   1.000000
 (  0.167 ,  0.167 ,  0.000 )  395    8  0.000   1.000000
 (  0.167 ,  0.167 ,  0.000 )  395    9  0.000   1.000000
 (  0.167 ,  0.167 ,  0.000 )  395   10  0.000   1.000000
 (  0.178 ,  0.178 ,  0.000 )  395    1  0.022   0.998905
 (  0.178 ,  0.178 ,  0.000 )  395    2  0.022   0.999093
 (  0.178 ,  0.178 ,  0.000 )  395    3  0.022   0.997789
 (  0.178 ,  0.178 ,  0.000 )  395    4  0.022   0.998466
 (  0.178 ,  0.178 ,  0.000 )  395    5  0.022   0.998954
 (  0.178 ,  0.178 ,  0.000 )  395    6  0.022   0.999464
 (  0.178 ,  0.178 ,  0.000 )  395    7  0.022   0.996962
 (  0.178 ,  0.178 ,  0.000 )  395    8  0.022   0.996730
 (  0.178 ,  0.178 ,  0.000 )  395    9  0.022   0.997100
 (  0.178 ,  0.178 ,  0.000 )  395   10  0.022   0.998591
 (  0.189 ,  0.189 ,  0.000 )  401    1  0.024   0.998825
 (  0.189 ,  0.189 ,  0.000 )  401    2  0.024   0.998751
 (  0.189 ,  0.189 ,  0.000 )  401    3  0.024   0.998739
 (  0.189 ,  0.189 ,  0.000 )  401    4  0.024   0.998718
 (  0.189 ,  0.189 ,  0.000 )  401    5  0.024   0.998750
 (  0.189 ,  0.189 ,  0.000 )  401    6  0.024   0.998649
 (  0.189 ,  0.189 ,  0.000 )  401    7  0.024   0.997409
 (  0.189 ,  0.189 ,  0.000 )  401    8  0.024   0.997477
 (  0.189 ,  0.189 ,  0.000 )  401    9  0.024   0.995958
 (  0.189 ,  0.189 ,  0.000 )  401   10  0.024   0.996611
 (  0.200 ,  0.200 ,  0.000 )  467    1  0.017   0.999476
 (  0.200 ,  0.200 ,  0.000 )  467    2  0.017   0.999568
 (  0.200 ,  0.200 ,  0.000 )  467    3  0.017   0.998507
 (  0.200 ,  0.200 ,  0.000 )  467    4  0.017   0.998689
 (  0.200 ,  0.200 ,  0.000 )  467    5  0.017   0.999505
 (  0.200 ,  0.200 ,  0.000 )  467    6  0.017   0.999738
 (  0.200 ,  0.200 ,  0.000 )  467    7  0.017   0.998150
 (  0.200 ,  0.200 ,  0.000 )  467    8  0.017   0.998039
 (  0.200 ,  0.200 ,  0.000 )  467    9  0.017   0.932630
 (  0.200 ,  0.200 ,  0.000 )  467   10  0.017   0.932001
 (  0.211 ,  0.211 ,  0.000 )  467    1  0.006   0.999944
 (  0.211 ,  0.211 ,  0.000 )  467    2  0.006   0.999952
 (  0.211 ,  0.211 ,  0.000 )  467    3  0.006   0.999818
 (  0.211 ,  0.211 ,  0.000 )  467    4  0.006   0.999826
 (  0.211 ,  0.211 ,  0.000 )  467    5  0.006   0.999955
 (  0.211 ,  0.211 ,  0.000 )  467    6  0.006   0.999972
 (  0.211 ,  0.211 ,  0.000 )  467    7  0.006   0.999797
 (  0.211 ,  0.211 ,  0.000 )  467    8  0.006   0.999785
 (  0.211 ,  0.211 ,  0.000 )  467    9  0.006   0.987696
 (  0.211 ,  0.211 ,  0.000 )  467   10  0.006   0.964163
 (  0.222 ,  0.222 ,  0.000 )  517    1  0.028   0.998352
 (  0.222 ,  0.222 ,  0.000 )  517    2  0.028   0.998369
 (  0.222 ,  0.222 ,  0.000 )  517    3  0.028   0.997405
 (  0.222 ,  0.222 ,  0.000 )  517    4  0.028   0.997650
 (  0.222 ,  0.222 ,  0.000 )  517    5  0.028   0.998460
 (  0.222 ,  0.222 ,  0.000 )  517    6  0.028   0.998608
 (  0.222 ,  0.222 ,  0.000 )  517    7  0.028   0.995386
 (  0.222 ,  0.222 ,  0.000 )  517    8  0.028   0.994975
 (  0.222 ,  0.222 ,  0.000 )  517    9  0.028   0.960322
 (  0.222 ,  0.222 ,  0.000 )  517   10  0.028   0.945180
 (  0.233 ,  0.233 ,  0.000 )  473    1  0.025   0.998539
 (  0.233 ,  0.233 ,  0.000 )  473    2  0.025   0.998613
 (  0.233 ,  0.233 ,  0.000 )  473    3  0.025   0.998807
 (  0.233 ,  0.233 ,  0.000 )  473    4  0.025   0.998775
 (  0.233 ,  0.233 ,  0.000 )  473    5  0.025   0.998758
 (  0.233 ,  0.233 ,  0.000 )  473    6  0.025   0.998863
 (  0.233 ,  0.233 ,  0.000 )  473    7  0.025   0.996162
 (  0.233 ,  0.233 ,  0.000 )  473    8  0.025   0.995780
 (  0.233 ,  0.233 ,  0.000 )  473    9  0.025   0.978756
 (  0.233 ,  0.233 ,  0.000 )  473   10  0.025   0.959313
 (  0.244 ,  0.244 ,  0.000 )  521    1  0.011   0.999846
 (  0.244 ,  0.244 ,  0.000 )  521    2  0.011   0.999631
 (  0.244 ,  0.244 ,  0.000 )  521    3  0.011   0.998727
 (  0.244 ,  0.244 ,  0.000 )  521    4  0.011   0.999060
 (  0.244 ,  0.244 ,  0.000 )  521    5  0.011   0.999885
 (  0.244 ,  0.244 ,  0.000 )  521    6  0.011   0.999906
 (  0.244 ,  0.244 ,  0.000 )  521    7  0.011   0.999236
 (  0.244 ,  0.244 ,  0.000 )  521    8  0.011   0.999204
 (  0.244 ,  0.244 ,  0.000 )  521    9  0.011   0.998897
 (  0.244 ,  0.244 ,  0.000 )  521   10  0.011   0.999380
 (  0.256 ,  0.256 ,  0.000 )  521    1  0.011   0.999533
 (  0.256 ,  0.256 ,  0.000 )  521    2  0.011   0.999735
 (  0.256 ,  0.256 ,  0.000 )  521    3  0.011   0.998818
 (  0.256 ,  0.256 ,  0.000 )  521    4  0.011   0.999121
 (  0.256 ,  0.256 ,  0.000 )  521    5  0.011   0.999870
 (  0.256 ,  0.256 ,  0.000 )  521    6  0.011   0.999899
 (  0.256 ,  0.256 ,  0.000 )  521    7  0.011   0.999246
 (  0.256 ,  0.256 ,  0.000 )  521    8  0.011   0.999211
 (  0.256 ,  0.256 ,  0.000 )  521    9  0.011   0.999174
 (  0.256 ,  0.256 ,  0.000 )  521   10  0.011   0.999497
 (  0.267 ,  0.267 ,  0.000 )  553    1  0.025   0.998584
 (  0.267 ,  0.267 ,  0.000 )  553    2  0.025   0.998445
 (  0.267 ,  0.267 ,  0.000 )  553    3  0.025   0.998070
 (  0.267 ,  0.267 ,  0.000 )  553    4  0.025   0.999207
 (  0.267 ,  0.267 ,  0.000 )  553    5  0.025   0.998977
 (  0.267 ,  0.267 ,  0.000 )  553    6  0.025   0.997808
 (  0.267 ,  0.267 ,  0.000 )  553    7  0.025   0.994906
 (  0.267 ,  0.267 ,  0.000 )  553    8  0.025   0.994310
 (  0.267 ,  0.267 ,  0.000 )  553    9  0.025   0.938963
 (  0.267 ,  0.267 ,  0.000 )  553   10  0.025   0.962203
 (  0.278 ,  0.278 ,  0.000 )  527    1  0.028   0.997936
 (  0.278 ,  0.278 ,  0.000 )  527    2  0.028   0.997812
 (  0.278 ,  0.278 ,  0.000 )  527    3  0.028   0.997317
 (  0.278 ,  0.278 ,  0.000 )  527    4  0.028   0.999134
 (  0.278 ,  0.278 ,  0.000 )  527    5  0.028   0.998595
 (  0.278 ,  0.278 ,  0.000 )  527    6  0.028   0.996851
 (  0.278 ,  0.278 ,  0.000 )  527    7  0.028   0.994158
 (  0.278 ,  0.278 ,  0.000 )  527    8  0.028   0.993471
 (  0.278 ,  0.278 ,  0.000 )  527    9  0.028   0.939499
 (  0.278 ,  0.278 ,  0.000 )  527   10  0.028   0.962403
 (  0.289 ,  0.289 ,  0.000 )  557    1  0.006   0.999888
 (  0.289 ,  0.289 ,  0.000 )  557    2  0.006   0.999883
 (  0.289 ,  0.289 ,  0.000 )  557    3  0.006   0.999853
 (  0.289 ,  0.289 ,  0.000 )  557    4  0.006   0.999972
 (  0.289 ,  0.289 ,  0.000 )  557    5  0.006   0.999902
 (  0.289 ,  0.289 ,  0.000 )  557    6  0.006   0.999747
 (  0.289 ,  0.289 ,  0.000 )  557    7  0.006   0.999795
 (  0.289 ,  0.289 ,  0.000 )  557    8  0.006   0.999765
 (  0.289 ,  0.289 ,  0.000 )  557    9  0.006   0.999952
 (  0.289 ,  0.289 ,  0.000 )  557   10  0.006   0.999919
 (  0.300 ,  0.300 ,  0.000 )  557    1  0.017   0.999010
 (  0.300 ,  0.300 ,  0.000 )  557    2  0.017   0.998954
 (  0.300 ,  0.300 ,  0.000 )  557    3  0.017   0.999074
 (  0.300 ,  0.300 ,  0.000 )  557    4  0.017   0.999743
 (  0.300 ,  0.300 ,  0.000 )  557    5  0.017   0.998763
 (  0.300 ,  0.300 ,  0.000 )  557    6  0.017   0.997615
 (  0.300 ,  0.300 ,  0.000 )  557    7  0.017   0.998104
 (  0.300 ,  0.300 ,  0.000 )  557    8  0.017   0.997826
 (  0.300 ,  0.300 ,  0.000 )  557    9  0.017   0.999424
 (  0.300 ,  0.300 ,  0.000 )  557   10  0.017   0.998976
 (  0.311 ,  0.311 ,  0.000 )  571    1  0.024   0.998576
 (  0.311 ,  0.311 ,  0.000 )  571    2  0.024   0.998756
 (  0.311 ,  0.311 ,  0.000 )  571    3  0.024   0.998324
 (  0.311 ,  0.311 ,  0.000 )  571    4  0.024   0.999474
 (  0.311 ,  0.311 ,  0.000 )  571    5  0.024   0.995880
 (  0.311 ,  0.311 ,  0.000 )  571    6  0.024   0.994382
 (  0.311 ,  0.311 ,  0.000 )  571    7  0.024   0.994970
 (  0.311 ,  0.311 ,  0.000 )  571    8  0.024   0.994337
 (  0.311 ,  0.311 ,  0.000 )  571    9  0.024   0.909430
 (  0.311 ,  0.311 ,  0.000 )  571   10  0.024   0.945531
 (  0.322 ,  0.322 ,  0.000 )  575    1  0.022   0.998725
 (  0.322 ,  0.322 ,  0.000 )  575    2  0.022   0.998740
 (  0.322 ,  0.322 ,  0.000 )  575    3  0.022   0.998320
 (  0.322 ,  0.322 ,  0.000 )  575    4  0.022   0.999598
 (  0.322 ,  0.322 ,  0.000 )  575    5  0.022   0.994085
 (  0.322 ,  0.322 ,  0.000 )  575    6  0.022   0.992133
 (  0.322 ,  0.322 ,  0.000 )  575    7  0.022   0.995992
 (  0.322 ,  0.322 ,  0.000 )  575    8  0.022   0.995538
 (  0.322 ,  0.322 ,  0.000 )  575    9  0.022   0.904226
 (  0.322 ,  0.322 ,  0.000 )  575   10  0.022   0.961165
 (  0.333 ,  0.333 ,  0.000 )  575    1  0.000   1.000000
 (  0.333 ,  0.333 ,  0.000 )  575    2  0.000   1.000000
 (  0.333 ,  0.333 ,  0.000 )  575    3  0.000   1.000000
 (  0.333 ,  0.333 ,  0.000 )  575    4  0.000   1.000000
 (  0.333 ,  0.333 ,  0.000 )  575    5  0.000   1.000000
 (  0.333 ,  0.333 ,  0.000 )  575    6  0.000   1.000000
 (  0.333 ,  0.333 ,  0.000 )  575    7  0.000   1.000000
 (  0.333 ,  0.333 ,  0.000 )  575    8  0.000   1.000000
 (  0.333 ,  0.333 ,  0.000 )  575    9  0.000   1.000000
 (  0.333 ,  0.333 ,  0.000 )  575   10  0.000   1.000000
 (  0.339 ,  0.322 ,  0.000 )  575    1  0.011   0.999694
 (  0.339 ,  0.322 ,  0.000 )  575    2  0.011   0.999711
 (  0.339 ,  0.322 ,  0.000 )  575    3  0.011   0.999633
 (  0.339 ,  0.322 ,  0.000 )  575    4  0.011   0.999897
 (  0.339 ,  0.322 ,  0.000 )  575    5  0.011   0.998637
 (  0.339 ,  0.322 ,  0.000 )  575    6  0.011   0.998247
 (  0.339 ,  0.322 ,  0.000 )  575    7  0.011   0.998967
 (  0.339 ,  0.322 ,  0.000 )  575    8  0.011   0.998850
 (  0.339 ,  0.322 ,  0.000 )  575    9  0.011   0.959675
 (  0.339 ,  0.322 ,  0.000 )  575   10  0.011   0.985966
 (  0.344 ,  0.311 ,  0.000 )  575    1  0.022   0.998794
 (  0.344 ,  0.311 ,  0.000 )  575    2  0.022   0.998882
 (  0.344 ,  0.311 ,  0.000 )  575    3  0.022   0.998522
 (  0.344 ,  0.311 ,  0.000 )  575    4  0.022   0.999582
 (  0.344 ,  0.311 ,  0.000 )  575    5  0.022   0.994865
 (  0.344 ,  0.311 ,  0.000 )  575    6  0.022   0.993369
 (  0.344 ,  0.311 ,  0.000 )  575    7  0.022   0.995855
 (  0.344 ,  0.311 ,  0.000 )  575    8  0.022   0.995381
 (  0.344 ,  0.311 ,  0.000 )  575    9  0.022   0.874524
 (  0.344 ,  0.311 ,  0.000 )  575   10  0.022   0.947324
 (  0.350 ,  0.300 ,  0.000 )  571    1  0.025   0.998305
 (  0.350 ,  0.300 ,  0.000 )  571    2  0.025   0.998278
 (  0.350 ,  0.300 ,  0.000 )  571    3  0.025   0.998539
 (  0.350 ,  0.300 ,  0.000 )  571    4  0.025   0.999458
 (  0.350 ,  0.300 ,  0.000 )  571    5  0.025   0.996167
 (  0.350 ,  0.300 ,  0.000 )  571    6  0.025   0.993261
 (  0.350 ,  0.300 ,  0.000 )  571    7  0.025   0.994998
 (  0.350 ,  0.300 ,  0.000 )  571    8  0.025   0.994425
 (  0.350 ,  0.300 ,  0.000 )  571    9  0.025   0.975464
 (  0.350 ,  0.300 ,  0.000 )  571   10  0.025   0.980911
 (  0.356 ,  0.289 ,  0.000 )  571    1  0.024   0.998472
 (  0.356 ,  0.289 ,  0.000 )  571    2  0.024   0.998446
 (  0.356 ,  0.289 ,  0.000 )  571    3  0.024   0.998465
 (  0.356 ,  0.289 ,  0.000 )  571    4  0.024   0.999518
 (  0.356 ,  0.289 ,  0.000 )  571    5  0.024   0.996405
 (  0.356 ,  0.289 ,  0.000 )  571    6  0.024   0.993530
 (  0.356 ,  0.289 ,  0.000 )  571    7  0.024   0.995453
 (  0.356 ,  0.289 ,  0.000 )  571    8  0.024   0.994970
 (  0.356 ,  0.289 ,  0.000 )  571    9  0.024   0.975998
 (  0.356 ,  0.289 ,  0.000 )  571   10  0.024   0.981819
 (  0.361 ,  0.278 ,  0.000 )  541    1  0.028   0.997696
 (  0.361 ,  0.278 ,  0.000 )  541    2  0.028   0.997807
 (  0.361 ,  0.278 ,  0.000 )  541    3  0.028   0.998054
 (  0.361 ,  0.278 ,  0.000 )  541    4  0.028   0.999210
 (  0.361 ,  0.278 ,  0.000 )  541    5  0.028   0.996226
 (  0.361 ,  0.278 ,  0.000 )  541    6  0.028   0.994995
 (  0.361 ,  0.278 ,  0.000 )  541    7  0.028   0.994006
 (  0.361 ,  0.278 ,  0.000 )  541    8  0.028   0.993225
 (  0.361 ,  0.278 ,  0.000 )  541    9  0.028   0.993825
 (  0.361 ,  0.278 ,  0.000 )  541   10  0.028   0.989162
 (  0.367 ,  0.267 ,  0.000 )  541    1  0.017   0.999180
 (  0.367 ,  0.267 ,  0.000 )  541    2  0.017   0.999215
 (  0.367 ,  0.267 ,  0.000 )  541    3  0.017   0.999249
 (  0.367 ,  0.267 ,  0.000 )  541    4  0.017   0.999708
 (  0.367 ,  0.267 ,  0.000 )  541    5  0.017   0.998826
 (  0.367 ,  0.267 ,  0.000 )  541    6  0.017   0.998351
 (  0.367 ,  0.267 ,  0.000 )  541    7  0.017   0.997875
 (  0.367 ,  0.267 ,  0.000 )  541    8  0.017   0.997608
 (  0.367 ,  0.267 ,  0.000 )  541    9  0.017   0.998238
 (  0.367 ,  0.267 ,  0.000 )  541   10  0.017   0.996857
 (  0.372 ,  0.256 ,  0.000 )  541    1  0.006   0.999910
 (  0.372 ,  0.256 ,  0.000 )  541    2  0.006   0.999913
 (  0.372 ,  0.256 ,  0.000 )  541    3  0.006   0.999909
 (  0.372 ,  0.256 ,  0.000 )  541    4  0.006   0.999967
 (  0.372 ,  0.256 ,  0.000 )  541    5  0.006   0.999890
 (  0.372 ,  0.256 ,  0.000 )  541    6  0.006   0.999832
 (  0.372 ,  0.256 ,  0.000 )  541    7  0.006   0.999768
 (  0.372 ,  0.256 ,  0.000 )  541    8  0.006   0.999740
 (  0.372 ,  0.256 ,  0.000 )  541    9  0.006   0.999837
 (  0.372 ,  0.256 ,  0.000 )  541   10  0.006   0.999712
 (  0.378 ,  0.244 ,  0.000 )  541    1  0.006   0.999911
 (  0.378 ,  0.244 ,  0.000 )  541    2  0.006   0.999913
 (  0.378 ,  0.244 ,  0.000 )  541    3  0.006   0.999902
 (  0.378 ,  0.244 ,  0.000 )  541    4  0.006   0.999965
 (  0.378 ,  0.244 ,  0.000 )  541    5  0.006   0.999910
 (  0.378 ,  0.244 ,  0.000 )  541    6  0.006   0.999846
 (  0.378 ,  0.244 ,  0.000 )  541    7  0.006   0.999774
 (  0.378 ,  0.244 ,  0.000 )  541    8  0.006   0.999747
 (  0.378 ,  0.244 ,  0.000 )  541    9  0.006   0.999859
 (  0.378 ,  0.244 ,  0.000 )  541   10  0.006   0.999757
 (  0.383 ,  0.233 ,  0.000 )  541    1  0.017   0.999199
 (  0.383 ,  0.233 ,  0.000 )  541    2  0.017   0.999214
 (  0.383 ,  0.233 ,  0.000 )  541    3  0.017   0.999057
 (  0.383 ,  0.233 ,  0.000 )  541    4  0.017   0.999669
 (  0.383 ,  0.233 ,  0.000 )  541    5  0.017   0.999342
 (  0.383 ,  0.233 ,  0.000 )  541    6  0.017   0.998724
 (  0.383 ,  0.233 ,  0.000 )  541    7  0.017   0.998017
 (  0.383 ,  0.233 ,  0.000 )  541    8  0.017   0.997795
 (  0.383 ,  0.233 ,  0.000 )  541    9  0.017   0.998873
 (  0.383 ,  0.233 ,  0.000 )  541   10  0.017   0.998119
 (  0.389 ,  0.222 ,  0.000 )  499    1  0.028   0.997087
 (  0.389 ,  0.222 ,  0.000 )  499    2  0.028   0.997058
 (  0.389 ,  0.222 ,  0.000 )  499    3  0.028   0.997158
 (  0.389 ,  0.222 ,  0.000 )  499    4  0.028   0.999110
 (  0.389 ,  0.222 ,  0.000 )  499    5  0.028   0.998610
 (  0.389 ,  0.222 ,  0.000 )  499    6  0.028   0.995628
 (  0.389 ,  0.222 ,  0.000 )  499    7  0.028   0.995033
 (  0.389 ,  0.222 ,  0.000 )  499    8  0.028   0.994726
 (  0.389 ,  0.222 ,  0.000 )  499    9  0.028   0.997690
 (  0.389 ,  0.222 ,  0.000 )  499   10  0.028   0.996986
 (  0.394 ,  0.211 ,  0.000 )  499    1  0.024   0.997664
 (  0.394 ,  0.211 ,  0.000 )  499    2  0.024   0.997665
 (  0.394 ,  0.211 ,  0.000 )  499    3  0.024   0.997499
 (  0.394 ,  0.211 ,  0.000 )  499    4  0.024   0.999306
 (  0.394 ,  0.211 ,  0.000 )  499    5  0.024   0.999126
 (  0.394 ,  0.211 ,  0.000 )  499    6  0.024   0.996370
 (  0.394 ,  0.211 ,  0.000 )  499    7  0.024   0.996101
 (  0.394 ,  0.211 ,  0.000 )  499    8  0.024   0.995867
 (  0.394 ,  0.211 ,  0.000 )  499    9  0.024   0.998149
 (  0.394 ,  0.211 ,  0.000 )  499   10  0.024   0.997584
 (  0.400 ,  0.200 ,  0.000 )  499    1  0.025   0.997562
 (  0.400 ,  0.200 ,  0.000 )  499    2  0.025   0.997581
 (  0.400 ,  0.200 ,  0.000 )  499    3  0.025   0.997181
 (  0.400 ,  0.200 ,  0.000 )  499    4  0.025   0.998994
 (  0.400 ,  0.200 ,  0.000 )  499    5  0.025   0.999165
 (  0.400 ,  0.200 ,  0.000 )  499    6  0.025   0.996449
 (  0.400 ,  0.200 ,  0.000 )  499    7  0.025   0.995673
 (  0.400 ,  0.200 ,  0.000 )  499    8  0.025   0.995391
 (  0.400 ,  0.200 ,  0.000 )  499    9  0.025   0.997892
 (  0.400 ,  0.200 ,  0.000 )  499   10  0.025   0.997203
 (  0.406 ,  0.189 ,  0.000 )  433    1  0.022   0.998661
 (  0.406 ,  0.189 ,  0.000 )  433    2  0.022   0.998631
 (  0.406 ,  0.189 ,  0.000 )  433    3  0.022   0.998594
 (  0.406 ,  0.189 ,  0.000 )  433    4  0.022   0.998878
 (  0.406 ,  0.189 ,  0.000 )  433    5  0.022   0.999165
 (  0.406 ,  0.189 ,  0.000 )  433    6  0.022   0.998742
 (  0.406 ,  0.189 ,  0.000 )  433    7  0.022   0.997580
 (  0.406 ,  0.189 ,  0.000 )  433    8  0.022   0.997492
 (  0.406 ,  0.189 ,  0.000 )  433    9  0.022   0.998627
 (  0.406 ,  0.189 ,  0.000 )  433   10  0.022   0.998333
 (  0.411 ,  0.178 ,  0.000 )  433    1  0.011   0.999662
 (  0.411 ,  0.178 ,  0.000 )  433    2  0.011   0.999654
 (  0.411 ,  0.178 ,  0.000 )  433    3  0.011   0.999652
 (  0.411 ,  0.178 ,  0.000 )  433    4  0.011   0.999674
 (  0.411 ,  0.178 ,  0.000 )  433    5  0.011   0.999728
 (  0.411 ,  0.178 ,  0.000 )  433    6  0.011   0.999788
 (  0.411 ,  0.178 ,  0.000 )  433    7  0.011   0.999415
 (  0.411 ,  0.178 ,  0.000 )  433    8  0.011   0.999398
 (  0.411 ,  0.178 ,  0.000 )  433    9  0.011   0.999653
 (  0.411 ,  0.178 ,  0.000 )  433   10  0.011   0.999583
 (  0.417 ,  0.167 ,  0.000 )  433    1  0.000   1.000000
 (  0.417 ,  0.167 ,  0.000 )  433    2  0.000   1.000000
 (  0.417 ,  0.167 ,  0.000 )  433    3  0.000   1.000000
 (  0.417 ,  0.167 ,  0.000 )  433    4  0.000   1.000000
 (  0.417 ,  0.167 ,  0.000 )  433    5  0.000   1.000000
 (  0.417 ,  0.167 ,  0.000 )  433    6  0.000   1.000000
 (  0.417 ,  0.167 ,  0.000 )  433    7  0.000   1.000000
 (  0.417 ,  0.167 ,  0.000 )  433    8  0.000   1.000000
 (  0.417 ,  0.167 ,  0.000 )  433    9  0.000   1.000000
 (  0.417 ,  0.167 ,  0.000 )  433   10  0.000   1.000000
 (  0.422 ,  0.156 ,  0.000 )  433    1  0.011   0.999653
 (  0.422 ,  0.156 ,  0.000 )  433    2  0.011   0.999639
 (  0.422 ,  0.156 ,  0.000 )  433    3  0.011   0.999668
 (  0.422 ,  0.156 ,  0.000 )  433    4  0.011   0.999641
 (  0.422 ,  0.156 ,  0.000 )  433    5  0.011   0.999748
 (  0.422 ,  0.156 ,  0.000 )  433    6  0.011   0.999774
 (  0.422 ,  0.156 ,  0.000 )  433    7  0.011   0.999452
 (  0.422 ,  0.156 ,  0.000 )  433    8  0.011   0.999445
 (  0.422 ,  0.156 ,  0.000 )  433    9  0.011   0.999645
 (  0.422 ,  0.156 ,  0.000 )  433   10  0.011   0.999577
 (  0.428 ,  0.144 ,  0.000 )  433    1  0.022   0.998590
 (  0.428 ,  0.144 ,  0.000 )  433    2  0.022   0.998505
 (  0.428 ,  0.144 ,  0.000 )  433    3  0.022   0.998725
 (  0.428 ,  0.144 ,  0.000 )  433    4  0.022   0.998566
 (  0.428 ,  0.144 ,  0.000 )  433    5  0.022   0.998951
 (  0.428 ,  0.144 ,  0.000 )  433    6  0.022   0.999061
 (  0.428 ,  0.144 ,  0.000 )  433    7  0.022   0.997861
 (  0.428 ,  0.144 ,  0.000 )  433    8  0.022   0.997869
 (  0.428 ,  0.144 ,  0.000 )  433    9  0.022   0.998564
 (  0.428 ,  0.144 ,  0.000 )  433   10  0.022   0.998290
 (  0.433 ,  0.133 ,  0.000 )  355    1  0.025   0.996981
 (  0.433 ,  0.133 ,  0.000 )  355    2  0.025   0.997019
 (  0.433 ,  0.133 ,  0.000 )  355    3  0.025   0.997035
 (  0.433 ,  0.133 ,  0.000 )  355    4  0.025   0.996766
 (  0.433 ,  0.133 ,  0.000 )  355    5  0.025   0.998815
 (  0.433 ,  0.133 ,  0.000 )  355    6  0.025   0.999055
 (  0.433 ,  0.133 ,  0.000 )  355    7  0.025   0.996082
 (  0.433 ,  0.133 ,  0.000 )  355    8  0.025   0.995916
 (  0.433 ,  0.133 ,  0.000 )  355    9  0.025   0.998091
 (  0.433 ,  0.133 ,  0.000 )  355   10  0.025   0.997921
 (  0.439 ,  0.122 ,  0.000 )  355    1  0.024   0.997221
 (  0.439 ,  0.122 ,  0.000 )  355    2  0.024   0.997335
 (  0.439 ,  0.122 ,  0.000 )  355    3  0.024   0.997173
 (  0.439 ,  0.122 ,  0.000 )  355    4  0.024   0.996942
 (  0.439 ,  0.122 ,  0.000 )  355    5  0.024   0.999120
 (  0.439 ,  0.122 ,  0.000 )  355    6  0.024   0.999144
 (  0.439 ,  0.122 ,  0.000 )  355    7  0.024   0.996427
 (  0.439 ,  0.122 ,  0.000 )  355    8  0.024   0.996041
 (  0.439 ,  0.122 ,  0.000 )  355    9  0.024   0.998251
 (  0.439 ,  0.122 ,  0.000 )  355   10  0.024   0.998113
 (  0.444 ,  0.111 ,  0.000 )  355    1  0.028   0.996700
 (  0.444 ,  0.111 ,  0.000 )  355    2  0.028   0.996753
 (  0.444 ,  0.111 ,  0.000 )  355    3  0.028   0.996757
 (  0.444 ,  0.111 ,  0.000 )  355    4  0.028   0.996386
 (  0.444 ,  0.111 ,  0.000 )  355    5  0.028   0.998362
 (  0.444 ,  0.111 ,  0.000 )  355    6  0.028   0.998590
 (  0.444 ,  0.111 ,  0.000 )  355    7  0.028   0.995891
 (  0.444 ,  0.111 ,  0.000 )  355    8  0.028   0.995341
 (  0.444 ,  0.111 ,  0.000 )  355    9  0.028   0.997675
 (  0.444 ,  0.111 ,  0.000 )  355   10  0.028   0.997409
 (  0.450 ,  0.100 ,  0.000 )  253    1  0.017   0.999078
 (  0.450 ,  0.100 ,  0.000 )  253    2  0.017   0.998832
 (  0.450 ,  0.100 ,  0.000 )  253    3  0.017   0.999417
 (  0.450 ,  0.100 ,  0.000 )  253    4  0.017   0.999087
 (  0.450 ,  0.100 ,  0.000 )  253    5  0.017   0.999225
 (  0.450 ,  0.100 ,  0.000 )  253    6  0.017   0.998310
 (  0.450 ,  0.100 ,  0.000 )  253    7  0.017   0.999131
 (  0.450 ,  0.100 ,  0.000 )  253    8  0.017   0.998102
 (  0.450 ,  0.100 ,  0.000 )  253    9  0.017   0.999236
 (  0.450 ,  0.100 ,  0.000 )  253   10  0.017   0.999056
 (  0.456 ,  0.089 ,  0.000 )  253    1  0.006   0.999894
 (  0.456 ,  0.089 ,  0.000 )  253    2  0.006   0.999865
 (  0.456 ,  0.089 ,  0.000 )  253    3  0.006   0.999938
 (  0.456 ,  0.089 ,  0.000 )  253    4  0.006   0.999901
 (  0.456 ,  0.089 ,  0.000 )  253    5  0.006   0.999942
 (  0.456 ,  0.089 ,  0.000 )  253    6  0.006   0.999869
 (  0.456 ,  0.089 ,  0.000 )  253    7  0.006   0.999823
 (  0.456 ,  0.089 ,  0.000 )  253    8  0.006   0.999737
 (  0.456 ,  0.089 ,  0.000 )  253    9  0.006   0.999917
 (  0.456 ,  0.089 ,  0.000 )  253   10  0.006   0.999899
 (  0.461 ,  0.078 ,  0.000 )  253    1  0.006   0.999890
 (  0.461 ,  0.078 ,  0.000 )  253    2  0.006   0.999864
 (  0.461 ,  0.078 ,  0.000 )  253    3  0.006   0.999938
 (  0.461 ,  0.078 ,  0.000 )  253    4  0.006   0.999903
 (  0.461 ,  0.078 ,  0.000 )  253    5  0.006   0.999957
 (  0.461 ,  0.078 ,  0.000 )  253    6  0.006   0.999952
 (  0.461 ,  0.078 ,  0.000 )  253    7  0.006   0.999712
 (  0.461 ,  0.078 ,  0.000 )  253    8  0.006   0.999693
 (  0.461 ,  0.078 ,  0.000 )  253    9  0.006   0.999919
 (  0.461 ,  0.078 ,  0.000 )  253   10  0.006   0.999905
 (  0.467 ,  0.067 ,  0.000 )  253    1  0.017   0.998975
 (  0.467 ,  0.067 ,  0.000 )  253    2  0.017   0.998775
 (  0.467 ,  0.067 ,  0.000 )  253    3  0.017   0.999428
 (  0.467 ,  0.067 ,  0.000 )  253    4  0.017   0.999152
 (  0.467 ,  0.067 ,  0.000 )  253    5  0.017   0.999666
 (  0.467 ,  0.067 ,  0.000 )  253    6  0.017   0.999512
 (  0.467 ,  0.067 ,  0.000 )  253    7  0.017   0.997173
 (  0.467 ,  0.067 ,  0.000 )  253    8  0.017   0.996907
 (  0.467 ,  0.067 ,  0.000 )  253    9  0.017   0.999267
 (  0.467 ,  0.067 ,  0.000 )  253   10  0.017   0.999200
 (  0.472 ,  0.056 ,  0.000 )  253    1  0.028   0.997060
 (  0.472 ,  0.056 ,  0.000 )  253    2  0.028   0.996618
 (  0.472 ,  0.056 ,  0.000 )  253    3  0.028   0.998355
 (  0.472 ,  0.056 ,  0.000 )  253    4  0.028   0.997706
 (  0.472 ,  0.056 ,  0.000 )  253    5  0.028   0.999143
 (  0.472 ,  0.056 ,  0.000 )  253    6  0.028   0.998610
 (  0.472 ,  0.056 ,  0.000 )  253    7  0.028   0.991241
 (  0.472 ,  0.056 ,  0.000 )  253    8  0.028   0.990613
 (  0.472 ,  0.056 ,  0.000 )  253    9  0.028   0.997791
 (  0.472 ,  0.056 ,  0.000 )  253   10  0.028   0.997963
 (  0.478 ,  0.044 ,  0.000 )  139    1  0.024   0.997167
 (  0.478 ,  0.044 ,  0.000 )  139    2  0.024   0.997430
 (  0.478 ,  0.044 ,  0.000 )  139    3  0.024   0.996384
 (  0.478 ,  0.044 ,  0.000 )  139    4  0.024   0.996446
 (  0.478 ,  0.044 ,  0.000 )  139    5  0.024   0.995632
 (  0.478 ,  0.044 ,  0.000 )  139    6  0.024   0.995351
 (  0.478 ,  0.044 ,  0.000 )  139    7  0.024   0.999051
 (  0.478 ,  0.044 ,  0.000 )  139    8  0.024   0.998740
 (  0.478 ,  0.044 ,  0.000 )  139    9  0.024   0.998038
 (  0.478 ,  0.044 ,  0.000 )  139   10  0.024   0.997916
 (  0.483 ,  0.033 ,  0.000 )  139    1  0.025   0.996948
 (  0.483 ,  0.033 ,  0.000 )  139    2  0.025   0.997140
 (  0.483 ,  0.033 ,  0.000 )  139    3  0.025   0.996296
 (  0.483 ,  0.033 ,  0.000 )  139    4  0.025   0.996262
 (  0.483 ,  0.033 ,  0.000 )  139    5  0.025   0.995494
 (  0.483 ,  0.033 ,  0.000 )  139    6  0.025   0.995239
 (  0.483 ,  0.033 ,  0.000 )  139    7  0.025   0.997838
 (  0.483 ,  0.033 ,  0.000 )  139    8  0.025   0.997715
 (  0.483 ,  0.033 ,  0.000 )  139    9  0.025   0.997715
 (  0.483 ,  0.033 ,  0.000 )  139   10  0.025   0.997840
 (  0.489 ,  0.022 ,  0.000 )   37    1  0.022   0.997868
 (  0.489 ,  0.022 ,  0.000 )   37    2  0.022   0.997699
 (  0.489 ,  0.022 ,  0.000 )   37    3  0.022   0.998749
 (  0.489 ,  0.022 ,  0.000 )   37    4  0.022   0.998558
 (  0.489 ,  0.022 ,  0.000 )   37    5  0.022   0.999537
 (  0.489 ,  0.022 ,  0.000 )   37    6  0.022   0.999588
 (  0.489 ,  0.022 ,  0.000 )   37    7  0.022   0.996234
 (  0.489 ,  0.022 ,  0.000 )   37    8  0.022   0.985531
 (  0.489 ,  0.022 ,  0.000 )   37    9  0.022   0.998800
 (  0.489 ,  0.022 ,  0.000 )   37   10  0.022   0.987829
 (  0.494 ,  0.011 ,  0.000 )   37    1  0.011   0.999454
 (  0.494 ,  0.011 ,  0.000 )   37    2  0.011   0.999433
 (  0.494 ,  0.011 ,  0.000 )   37    3  0.011   0.999675
 (  0.494 ,  0.011 ,  0.000 )   37    4  0.011   0.999651
 (  0.494 ,  0.011 ,  0.000 )   37    5  0.011   0.999892
 (  0.494 ,  0.011 ,  0.000 )   37    6  0.011   0.999897
 (  0.494 ,  0.011 ,  0.000 )   37    7  0.011   0.999608
 (  0.494 ,  0.011 ,  0.000 )   37    8  0.011   0.999742
 (  0.494 ,  0.011 ,  0.000 )   37    9  0.011   0.996183
 (  0.494 ,  0.011 ,  0.000 )   37   10  0.011   0.996279
 (  0.500 , -0.000 ,  0.000 )   37    1  0.000   1.000000
 (  0.500 , -0.000 ,  0.000 )   37    2  0.000   1.000000
 (  0.500 , -0.000 ,  0.000 )   37    3  0.000   1.000000
 (  0.500 , -0.000 ,  0.000 )   37    4  0.000   1.000000
 (  0.500 , -0.000 ,  0.000 )   37    5  0.000   1.000000
 (  0.500 , -0.000 ,  0.000 )   37    6  0.000   1.000000
 (  0.500 , -0.000 ,  0.000 )   37    7  0.000   1.000000
 (  0.500 , -0.000 ,  0.000 )   37    8  0.000   1.000000
 (  0.500 , -0.000 ,  0.000 )   37    9  0.000   1.000000
 (  0.500 , -0.000 ,  0.000 )   37   10  0.000   1.000000
 (  0.506 , -0.011 ,  0.000 )   37    1  0.011   0.999454
 (  0.506 , -0.011 ,  0.000 )   37    2  0.011   0.999433
 (  0.506 , -0.011 ,  0.000 )   37    3  0.011   0.999675
 (  0.506 , -0.011 ,  0.000 )   37    4  0.011   0.999651
 (  0.506 , -0.011 ,  0.000 )   37    5  0.011   0.999892
 (  0.506 , -0.011 ,  0.000 )   37    6  0.011   0.999897
 (  0.506 , -0.011 ,  0.000 )   37    7  0.011   0.999608
 (  0.506 , -0.011 ,  0.000 )   37    8  0.011   0.999742
 (  0.506 , -0.011 ,  0.000 )   37    9  0.011   0.996183
 (  0.506 , -0.011 ,  0.000 )   37   10  0.011   0.996279
 (  0.511 , -0.022 ,  0.000 )   37    1  0.022   0.997868
 (  0.511 , -0.022 ,  0.000 )   37    2  0.022   0.997699
 (  0.511 , -0.022 ,  0.000 )   37    3  0.022   0.998749
 (  0.511 , -0.022 ,  0.000 )   37    4  0.022   0.998558
 (  0.511 , -0.022 ,  0.000 )   37    5  0.022   0.999537
 (  0.511 , -0.022 ,  0.000 )   37    6  0.022   0.999588
 (  0.511 , -0.022 ,  0.000 )   37    7  0.022   0.996234
 (  0.511 , -0.022 ,  0.000 )   37    8  0.022   0.985531
 (  0.511 , -0.022 ,  0.000 )   37    9  0.022   0.998800
 (  0.511 , -0.022 ,  0.000 )   37   10  0.022   0.987829
 (  0.517 , -0.033 ,  0.000 )  136    1  0.025   0.996948
 (  0.517 , -0.033 ,  0.000 )  136    2  0.025   0.997140
 (  0.517 , -0.033 ,  0.000 )  136    3  0.025   0.996296
 (  0.517 , -0.033 ,  0.000 )  136    4  0.025   0.996262
 (  0.517 , -0.033 ,  0.000 )  136    5  0.025   0.995494
 (  0.517 , -0.033 ,  0.000 )  136    6  0.025   0.995239
 (  0.517 , -0.033 ,  0.000 )  136    7  0.025   0.997838
 (  0.517 , -0.033 ,  0.000 )  136    8  0.025   0.997715
 (  0.517 , -0.033 ,  0.000 )  136    9  0.025   0.997715
 (  0.517 , -0.033 ,  0.000 )  136   10  0.025   0.997840
 (  0.522 , -0.044 ,  0.000 )  136    1  0.024   0.997167
 (  0.522 , -0.044 ,  0.000 )  136    2  0.024   0.997430
 (  0.522 , -0.044 ,  0.000 )  136    3  0.024   0.996384
 (  0.522 , -0.044 ,  0.000 )  136    4  0.024   0.996446
 (  0.522 , -0.044 ,  0.000 )  136    5  0.024   0.995632
 (  0.522 , -0.044 ,  0.000 )  136    6  0.024   0.995351
 (  0.522 , -0.044 ,  0.000 )  136    7  0.024   0.999051
 (  0.522 , -0.044 ,  0.000 )  136    8  0.024   0.998740
 (  0.522 , -0.044 ,  0.000 )  136    9  0.024   0.998038
 (  0.522 , -0.044 ,  0.000 )  136   10  0.024   0.997916
 (  0.528 , -0.056 ,  0.000 )  256    1  0.028   0.997060
 (  0.528 , -0.056 ,  0.000 )  256    2  0.028   0.996618
 (  0.528 , -0.056 ,  0.000 )  256    3  0.028   0.998355
 (  0.528 , -0.056 ,  0.000 )  256    4  0.028   0.997706
 (  0.528 , -0.056 ,  0.000 )  256    5  0.028   0.999143
 (  0.528 , -0.056 ,  0.000 )  256    6  0.028   0.998610
 (  0.528 , -0.056 ,  0.000 )  256    7  0.028   0.991241
 (  0.528 , -0.056 ,  0.000 )  256    8  0.028   0.990613
 (  0.528 , -0.056 ,  0.000 )  256    9  0.028   0.997791
 (  0.528 , -0.056 ,  0.000 )  256   10  0.028   0.997963
 (  0.533 , -0.067 ,  0.000 )  256    1  0.017   0.998975
 (  0.533 , -0.067 ,  0.000 )  256    2  0.017   0.998775
 (  0.533 , -0.067 ,  0.000 )  256    3  0.017   0.999428
 (  0.533 , -0.067 ,  0.000 )  256    4  0.017   0.999152
 (  0.533 , -0.067 ,  0.000 )  256    5  0.017   0.999666
 (  0.533 , -0.067 ,  0.000 )  256    6  0.017   0.999512
 (  0.533 , -0.067 ,  0.000 )  256    7  0.017   0.997173
 (  0.533 , -0.067 ,  0.000 )  256    8  0.017   0.996907
 (  0.533 , -0.067 ,  0.000 )  256    9  0.017   0.999267
 (  0.533 , -0.067 ,  0.000 )  256   10  0.017   0.999200
 (  0.539 , -0.078 ,  0.000 )  256    1  0.006   0.999890
 (  0.539 , -0.078 ,  0.000 )  256    2  0.006   0.999864
 (  0.539 , -0.078 ,  0.000 )  256    3  0.006   0.999938
 (  0.539 , -0.078 ,  0.000 )  256    4  0.006   0.999903
 (  0.539 , -0.078 ,  0.000 )  256    5  0.006   0.999957
 (  0.539 , -0.078 ,  0.000 )  256    6  0.006   0.999952
 (  0.539 , -0.078 ,  0.000 )  256    7  0.006   0.999712
 (  0.539 , -0.078 ,  0.000 )  256    8  0.006   0.999693
 (  0.539 , -0.078 ,  0.000 )  256    9  0.006   0.999919
 (  0.539 , -0.078 ,  0.000 )  256   10  0.006   0.999905
 (  0.544 , -0.089 ,  0.000 )  256    1  0.006   0.999894
 (  0.544 , -0.089 ,  0.000 )  256    2  0.006   0.999865
 (  0.544 , -0.089 ,  0.000 )  256    3  0.006   0.999938
 (  0.544 , -0.089 ,  0.000 )  256    4  0.006   0.999901
 (  0.544 , -0.089 ,  0.000 )  256    5  0.006   0.999942
 (  0.544 , -0.089 ,  0.000 )  256    6  0.006   0.999869
 (  0.544 , -0.089 ,  0.000 )  256    7  0.006   0.999823
 (  0.544 , -0.089 ,  0.000 )  256    8  0.006   0.999737
 (  0.544 , -0.089 ,  0.000 )  256    9  0.006   0.999917
 (  0.544 , -0.089 ,  0.000 )  256   10  0.006   0.999899
 (  0.550 , -0.100 ,  0.000 )  256    1  0.017   0.999078
 (  0.550 , -0.100 ,  0.000 )  256    2  0.017   0.998832
 (  0.550 , -0.100 ,  0.000 )  256    3  0.017   0.999417
 (  0.550 , -0.100 ,  0.000 )  256    4  0.017   0.999087
 (  0.550 , -0.100 ,  0.000 )  256    5  0.017   0.999225
 (  0.550 , -0.100 ,  0.000 )  256    6  0.017   0.998310
 (  0.550 , -0.100 ,  0.000 )  256    7  0.017   0.999131
 (  0.550 , -0.100 ,  0.000 )  256    8  0.017   0.998102
 (  0.550 , -0.100 ,  0.000 )  256    9  0.017   0.999236
 (  0.550 , -0.100 ,  0.000 )  256   10  0.017   0.999056
 (  0.556 , -0.111 ,  0.000 )  352    1  0.028   0.996700
 (  0.556 , -0.111 ,  0.000 )  352    2  0.028   0.996753
 (  0.556 , -0.111 ,  0.000 )  352    3  0.028   0.996757
 (  0.556 , -0.111 ,  0.000 )  352    4  0.028   0.996386
 (  0.556 , -0.111 ,  0.000 )  352    5  0.028   0.998362
 (  0.556 , -0.111 ,  0.000 )  352    6  0.028   0.998590
 (  0.556 , -0.111 ,  0.000 )  352    7  0.028   0.995891
 (  0.556 , -0.111 ,  0.000 )  352    8  0.028   0.995341
 (  0.556 , -0.111 ,  0.000 )  352    9  0.028   0.997675
 (  0.556 , -0.111 ,  0.000 )  352   10  0.028   0.997409
 (  0.561 , -0.122 ,  0.000 )  352    1  0.024   0.997221
 (  0.561 , -0.122 ,  0.000 )  352    2  0.024   0.997335
 (  0.561 , -0.122 ,  0.000 )  352    3  0.024   0.997173
 (  0.561 , -0.122 ,  0.000 )  352    4  0.024   0.996942
 (  0.561 , -0.122 ,  0.000 )  352    5  0.024   0.999120
 (  0.561 , -0.122 ,  0.000 )  352    6  0.024   0.999144
 (  0.561 , -0.122 ,  0.000 )  352    7  0.024   0.996427
 (  0.561 , -0.122 ,  0.000 )  352    8  0.024   0.996041
 (  0.561 , -0.122 ,  0.000 )  352    9  0.024   0.998251
 (  0.561 , -0.122 ,  0.000 )  352   10  0.024   0.998113
 (  0.567 , -0.133 ,  0.000 )  352    1  0.025   0.996981
 (  0.567 , -0.133 ,  0.000 )  352    2  0.025   0.997019
 (  0.567 , -0.133 ,  0.000 )  352    3  0.025   0.997035
 (  0.567 , -0.133 ,  0.000 )  352    4  0.025   0.996766
 (  0.567 , -0.133 ,  0.000 )  352    5  0.025   0.998815
 (  0.567 , -0.133 ,  0.000 )  352    6  0.025   0.999055
 (  0.567 , -0.133 ,  0.000 )  352    7  0.025   0.996082
 (  0.567 , -0.133 ,  0.000 )  352    8  0.025   0.995916
 (  0.567 , -0.133 ,  0.000 )  352    9  0.025   0.998091
 (  0.567 , -0.133 ,  0.000 )  352   10  0.025   0.997921
 (  0.572 , -0.144 ,  0.000 )  436    1  0.022   0.998590
 (  0.572 , -0.144 ,  0.000 )  436    2  0.022   0.998505
 (  0.572 , -0.144 ,  0.000 )  436    3  0.022   0.998725
 (  0.572 , -0.144 ,  0.000 )  436    4  0.022   0.998566
 (  0.572 , -0.144 ,  0.000 )  436    5  0.022   0.998951
 (  0.572 , -0.144 ,  0.000 )  436    6  0.022   0.999061
 (  0.572 , -0.144 ,  0.000 )  436    7  0.022   0.997861
 (  0.572 , -0.144 ,  0.000 )  436    8  0.022   0.997869
 (  0.572 , -0.144 ,  0.000 )  436    9  0.022   0.998564
 (  0.572 , -0.144 ,  0.000 )  436   10  0.022   0.998290
 (  0.578 , -0.156 ,  0.000 )  436    1  0.011   0.999653
 (  0.578 , -0.156 ,  0.000 )  436    2  0.011   0.999639
 (  0.578 , -0.156 ,  0.000 )  436    3  0.011   0.999668
 (  0.578 , -0.156 ,  0.000 )  436    4  0.011   0.999641
 (  0.578 , -0.156 ,  0.000 )  436    5  0.011   0.999748
 (  0.578 , -0.156 ,  0.000 )  436    6  0.011   0.999774
 (  0.578 , -0.156 ,  0.000 )  436    7  0.011   0.999452
 (  0.578 , -0.156 ,  0.000 )  436    8  0.011   0.999445
 (  0.578 , -0.156 ,  0.000 )  436    9  0.011   0.999645
 (  0.578 , -0.156 ,  0.000 )  436   10  0.011   0.999577
 (  0.583 , -0.167 ,  0.000 )  436    1  0.000   1.000000
 (  0.583 , -0.167 ,  0.000 )  436    2  0.000   1.000000
 (  0.583 , -0.167 ,  0.000 )  436    3  0.000   1.000000
 (  0.583 , -0.167 ,  0.000 )  436    4  0.000   1.000000
 (  0.583 , -0.167 ,  0.000 )  436    5  0.000   1.000000
 (  0.583 , -0.167 ,  0.000 )  436    6  0.000   1.000000
 (  0.583 , -0.167 ,  0.000 )  436    7  0.000   1.000000
 (  0.583 , -0.167 ,  0.000 )  436    8  0.000   1.000000
 (  0.583 , -0.167 ,  0.000 )  436    9  0.000   1.000000
 (  0.583 , -0.167 ,  0.000 )  436   10  0.000   1.000000
 (  0.589 , -0.178 ,  0.000 )  436    1  0.011   0.999662
 (  0.589 , -0.178 ,  0.000 )  436    2  0.011   0.999654
 (  0.589 , -0.178 ,  0.000 )  436    3  0.011   0.999652
 (  0.589 , -0.178 ,  0.000 )  436    4  0.011   0.999674
 (  0.589 , -0.178 ,  0.000 )  436    5  0.011   0.999728
 (  0.589 , -0.178 ,  0.000 )  436    6  0.011   0.999788
 (  0.589 , -0.178 ,  0.000 )  436    7  0.011   0.999415
 (  0.589 , -0.178 ,  0.000 )  436    8  0.011   0.999398
 (  0.589 , -0.178 ,  0.000 )  436    9  0.011   0.999653
 (  0.589 , -0.178 ,  0.000 )  436   10  0.011   0.999583
 (  0.594 , -0.189 ,  0.000 )  436    1  0.022   0.998661
 (  0.594 , -0.189 ,  0.000 )  436    2  0.022   0.998631
 (  0.594 , -0.189 ,  0.000 )  436    3  0.022   0.998594
 (  0.594 , -0.189 ,  0.000 )  436    4  0.022   0.998878
 (  0.594 , -0.189 ,  0.000 )  436    5  0.022   0.999165
 (  0.594 , -0.189 ,  0.000 )  436    6  0.022   0.998742
 (  0.594 , -0.189 ,  0.000 )  436    7  0.022   0.997580
 (  0.594 , -0.189 ,  0.000 )  436    8  0.022   0.997492
 (  0.594 , -0.189 ,  0.000 )  436    9  0.022   0.998627
 (  0.594 , -0.189 ,  0.000 )  436   10  0.022   0.998333
 (  0.600 , -0.200 ,  0.000 )  496    1  0.025   0.997562
 (  0.600 , -0.200 ,  0.000 )  496    2  0.025   0.997581
 (  0.600 , -0.200 ,  0.000 )  496    3  0.025   0.997181
 (  0.600 , -0.200 ,  0.000 )  496    4  0.025   0.998994
 (  0.600 , -0.200 ,  0.000 )  496    5  0.025   0.999165
 (  0.600 , -0.200 ,  0.000 )  496    6  0.025   0.996449
 (  0.600 , -0.200 ,  0.000 )  496    7  0.025   0.995673
 (  0.600 , -0.200 ,  0.000 )  496    8  0.025   0.995391
 (  0.600 , -0.200 ,  0.000 )  496    9  0.025   0.997892
 (  0.600 , -0.200 ,  0.000 )  496   10  0.025   0.997203
 (  0.606 , -0.211 ,  0.000 )  496    1  0.024   0.997664
 (  0.606 , -0.211 ,  0.000 )  496    2  0.024   0.997665
 (  0.606 , -0.211 ,  0.000 )  496    3  0.024   0.997499
 (  0.606 , -0.211 ,  0.000 )  496    4  0.024   0.999306
 (  0.606 , -0.211 ,  0.000 )  496    5  0.024   0.999126
 (  0.606 , -0.211 ,  0.000 )  496    6  0.024   0.996370
 (  0.606 , -0.211 ,  0.000 )  496    7  0.024   0.996101
 (  0.606 , -0.211 ,  0.000 )  496    8  0.024   0.995867
 (  0.606 , -0.211 ,  0.000 )  496    9  0.024   0.998149
 (  0.606 , -0.211 ,  0.000 )  496   10  0.024   0.997584
 (  0.611 , -0.222 ,  0.000 )  496    1  0.028   0.997087
 (  0.611 , -0.222 ,  0.000 )  496    2  0.028   0.997058
 (  0.611 , -0.222 ,  0.000 )  496    3  0.028   0.997158
 (  0.611 , -0.222 ,  0.000 )  496    4  0.028   0.999110
 (  0.611 , -0.222 ,  0.000 )  496    5  0.028   0.998610
 (  0.611 , -0.222 ,  0.000 )  496    6  0.028   0.995628
 (  0.611 , -0.222 ,  0.000 )  496    7  0.028   0.995033
 (  0.611 , -0.222 ,  0.000 )  496    8  0.028   0.994726
 (  0.611 , -0.222 ,  0.000 )  496    9  0.028   0.997690
 (  0.611 , -0.222 ,  0.000 )  496   10  0.028   0.996986
 (  0.617 , -0.233 ,  0.000 )  544    1  0.017   0.999199
 (  0.617 , -0.233 ,  0.000 )  544    2  0.017   0.999214
 (  0.617 , -0.233 ,  0.000 )  544    3  0.017   0.999057
 (  0.617 , -0.233 ,  0.000 )  544    4  0.017   0.999669
 (  0.617 , -0.233 ,  0.000 )  544    5  0.017   0.999342
 (  0.617 , -0.233 ,  0.000 )  544    6  0.017   0.998724
 (  0.617 , -0.233 ,  0.000 )  544    7  0.017   0.998017
 (  0.617 , -0.233 ,  0.000 )  544    8  0.017   0.997795
 (  0.617 , -0.233 ,  0.000 )  544    9  0.017   0.998873
 (  0.617 , -0.233 ,  0.000 )  544   10  0.017   0.998119
 (  0.622 , -0.244 ,  0.000 )  544    1  0.006   0.999911
 (  0.622 , -0.244 ,  0.000 )  544    2  0.006   0.999913
 (  0.622 , -0.244 ,  0.000 )  544    3  0.006   0.999902
 (  0.622 , -0.244 ,  0.000 )  544    4  0.006   0.999965
 (  0.622 , -0.244 ,  0.000 )  544    5  0.006   0.999910
 (  0.622 , -0.244 ,  0.000 )  544    6  0.006   0.999846
 (  0.622 , -0.244 ,  0.000 )  544    7  0.006   0.999774
 (  0.622 , -0.244 ,  0.000 )  544    8  0.006   0.999747
 (  0.622 , -0.244 ,  0.000 )  544    9  0.006   0.999859
 (  0.622 , -0.244 ,  0.000 )  544   10  0.006   0.999757
 (  0.628 , -0.256 ,  0.000 )  544    1  0.006   0.999910
 (  0.628 , -0.256 ,  0.000 )  544    2  0.006   0.999913
 (  0.628 , -0.256 ,  0.000 )  544    3  0.006   0.999909
 (  0.628 , -0.256 ,  0.000 )  544    4  0.006   0.999967
 (  0.628 , -0.256 ,  0.000 )  544    5  0.006   0.999890
 (  0.628 , -0.256 ,  0.000 )  544    6  0.006   0.999832
 (  0.628 , -0.256 ,  0.000 )  544    7  0.006   0.999768
 (  0.628 , -0.256 ,  0.000 )  544    8  0.006   0.999740
 (  0.628 , -0.256 ,  0.000 )  544    9  0.006   0.999837
 (  0.628 , -0.256 ,  0.000 )  544   10  0.006   0.999712
 (  0.633 , -0.267 ,  0.000 )  544    1  0.017   0.999180
 (  0.633 , -0.267 ,  0.000 )  544    2  0.017   0.999215
 (  0.633 , -0.267 ,  0.000 )  544    3  0.017   0.999249
 (  0.633 , -0.267 ,  0.000 )  544    4  0.017   0.999708
 (  0.633 , -0.267 ,  0.000 )  544    5  0.017   0.998826
 (  0.633 , -0.267 ,  0.000 )  544    6  0.017   0.998351
 (  0.633 , -0.267 ,  0.000 )  544    7  0.017   0.997875
 (  0.633 , -0.267 ,  0.000 )  544    8  0.017   0.997608
 (  0.633 , -0.267 ,  0.000 )  544    9  0.017   0.998238
 (  0.633 , -0.267 ,  0.000 )  544   10  0.017   0.996857
 (  0.639 , -0.278 ,  0.000 )  544    1  0.028   0.997696
 (  0.639 , -0.278 ,  0.000 )  544    2  0.028   0.997807
 (  0.639 , -0.278 ,  0.000 )  544    3  0.028   0.998054
 (  0.639 , -0.278 ,  0.000 )  544    4  0.028   0.999210
 (  0.639 , -0.278 ,  0.000 )  544    5  0.028   0.996226
 (  0.639 , -0.278 ,  0.000 )  544    6  0.028   0.994995
 (  0.639 , -0.278 ,  0.000 )  544    7  0.028   0.994006
 (  0.639 , -0.278 ,  0.000 )  544    8  0.028   0.993225
 (  0.639 , -0.278 ,  0.000 )  544    9  0.028   0.993825
 (  0.639 , -0.278 ,  0.000 )  544   10  0.028   0.989162
 (  0.644 , -0.289 ,  0.000 )  568    1  0.024   0.998472
 (  0.644 , -0.289 ,  0.000 )  568    2  0.024   0.998446
 (  0.644 , -0.289 ,  0.000 )  568    3  0.024   0.998465
 (  0.644 , -0.289 ,  0.000 )  568    4  0.024   0.999518
 (  0.644 , -0.289 ,  0.000 )  568    5  0.024   0.996405
 (  0.644 , -0.289 ,  0.000 )  568    6  0.024   0.993530
 (  0.644 , -0.289 ,  0.000 )  568    7  0.024   0.995453
 (  0.644 , -0.289 ,  0.000 )  568    8  0.024   0.994970
 (  0.644 , -0.289 ,  0.000 )  568    9  0.024   0.975998
 (  0.644 , -0.289 ,  0.000 )  568   10  0.024   0.981819
 (  0.650 , -0.300 ,  0.000 )  568    1  0.025   0.998305
 (  0.650 , -0.300 ,  0.000 )  568    2  0.025   0.998278
 (  0.650 , -0.300 ,  0.000 )  568    3  0.025   0.998539
 (  0.650 , -0.300 ,  0.000 )  568    4  0.025   0.999458
 (  0.650 , -0.300 ,  0.000 )  568    5  0.025   0.996167
 (  0.650 , -0.300 ,  0.000 )  568    6  0.025   0.993261
 (  0.650 , -0.300 ,  0.000 )  568    7  0.025   0.994998
 (  0.650 , -0.300 ,  0.000 )  568    8  0.025   0.994425
 (  0.650 , -0.300 ,  0.000 )  568    9  0.025   0.975464
 (  0.650 , -0.300 ,  0.000 )  568   10  0.025   0.980911
 (  0.656 , -0.311 ,  0.000 )  576    1  0.022   0.998794
 (  0.656 , -0.311 ,  0.000 )  576    2  0.022   0.998882
 (  0.656 , -0.311 ,  0.000 )  576    3  0.022   0.998522
 (  0.656 , -0.311 ,  0.000 )  576    4  0.022   0.999582
 (  0.656 , -0.311 ,  0.000 )  576    5  0.022   0.994865
 (  0.656 , -0.311 ,  0.000 )  576    6  0.022   0.993368
 (  0.656 , -0.311 ,  0.000 )  576    7  0.022   0.995855
 (  0.656 , -0.311 ,  0.000 )  576    8  0.022   0.995381
 (  0.656 , -0.311 ,  0.000 )  576    9  0.022   0.874524
 (  0.656 , -0.311 ,  0.000 )  576   10  0.022   0.947324
 (  0.661 , -0.322 ,  0.000 )  576    1  0.011   0.999694
 (  0.661 , -0.322 ,  0.000 )  576    2  0.011   0.999711
 (  0.661 , -0.322 ,  0.000 )  576    3  0.011   0.999633
 (  0.661 , -0.322 ,  0.000 )  576    4  0.011   0.999897
 (  0.661 , -0.322 ,  0.000 )  576    5  0.011   0.998637
 (  0.661 , -0.322 ,  0.000 )  576    6  0.011   0.998247
 (  0.661 , -0.322 ,  0.000 )  576    7  0.011   0.998967
 (  0.661 , -0.322 ,  0.000 )  576    8  0.011   0.998850
 (  0.661 , -0.322 ,  0.000 )  576    9  0.011   0.959675
 (  0.661 , -0.322 ,  0.000 )  576   10  0.011   0.985966
 (  0.667 , -0.333 ,  0.000 )  576    1  0.000   1.000000
 (  0.667 , -0.333 ,  0.000 )  576    2  0.000   1.000000
 (  0.667 , -0.333 ,  0.000 )  576    3  0.000   1.000000
 (  0.667 , -0.333 ,  0.000 )  576    4  0.000   1.000000
 (  0.667 , -0.333 ,  0.000 )  576    5  0.000   1.000000
 (  0.667 , -0.333 ,  0.000 )  576    6  0.000   1.000000
 (  0.667 , -0.333 ,  0.000 )  576    7  0.000   1.000000
 (  0.667 , -0.333 ,  0.000 )  576    8  0.000   1.000000
 (  0.667 , -0.333 ,  0.000 )  576    9  0.000   1.000000
 (  0.667 , -0.333 ,  0.000 )  576   10  0.000   1.000000
 (  0.644 , -0.322 ,  0.000 )  576    1  0.022   0.998725
 (  0.644 , -0.322 ,  0.000 )  576    2  0.022   0.998740
 (  0.644 , -0.322 ,  0.000 )  576    3  0.022   0.998320
 (  0.644 , -0.322 ,  0.000 )  576    4  0.022   0.999598
 (  0.644 , -0.322 ,  0.000 )  576    5  0.022   0.994085
 (  0.644 , -0.322 ,  0.000 )  576    6  0.022   0.992133
 (  0.644 , -0.322 ,  0.000 )  576    7  0.022   0.995992
 (  0.644 , -0.322 ,  0.000 )  576    8  0.022   0.995538
 (  0.644 , -0.322 ,  0.000 )  576    9  0.022   0.904225
 (  0.644 , -0.322 ,  0.000 )  576   10  0.022   0.961165
 (  0.622 , -0.311 ,  0.000 )  574    1  0.024   0.998576
 (  0.622 , -0.311 ,  0.000 )  574    2  0.024   0.998756
 (  0.622 , -0.311 ,  0.000 )  574    3  0.024   0.998324
 (  0.622 , -0.311 ,  0.000 )  574    4  0.024   0.999474
 (  0.622 , -0.311 ,  0.000 )  574    5  0.024   0.995880
 (  0.622 , -0.311 ,  0.000 )  574    6  0.024   0.994382
 (  0.622 , -0.311 ,  0.000 )  574    7  0.024   0.994970
 (  0.622 , -0.311 ,  0.000 )  574    8  0.024   0.994337
 (  0.622 , -0.311 ,  0.000 )  574    9  0.024   0.909431
 (  0.622 , -0.311 ,  0.000 )  574   10  0.024   0.945531
 (  0.600 , -0.300 ,  0.000 )  561    1  0.017   0.999010
 (  0.600 , -0.300 ,  0.000 )  561    2  0.017   0.998954
 (  0.600 , -0.300 ,  0.000 )  561    3  0.017   0.999074
 (  0.600 , -0.300 ,  0.000 )  561    4  0.017   0.999743
 (  0.600 , -0.300 ,  0.000 )  561    5  0.017   0.998763
 (  0.600 , -0.300 ,  0.000 )  561    6  0.017   0.997615
 (  0.600 , -0.300 ,  0.000 )  561    7  0.017   0.998104
 (  0.600 , -0.300 ,  0.000 )  561    8  0.017   0.997826
 (  0.600 , -0.300 ,  0.000 )  561    9  0.017   0.999424
 (  0.600 , -0.300 ,  0.000 )  561   10  0.017   0.998976
 (  0.578 , -0.289 ,  0.000 )  561    1  0.006   0.999888
 (  0.578 , -0.289 ,  0.000 )  561    2  0.006   0.999883
 (  0.578 , -0.289 ,  0.000 )  561    3  0.006   0.999853
 (  0.578 , -0.289 ,  0.000 )  561    4  0.006   0.999972
 (  0.578 , -0.289 ,  0.000 )  561    5  0.006   0.999902
 (  0.578 , -0.289 ,  0.000 )  561    6  0.006   0.999747
 (  0.578 , -0.289 ,  0.000 )  561    7  0.006   0.999795
 (  0.578 , -0.289 ,  0.000 )  561    8  0.006   0.999765
 (  0.578 , -0.289 ,  0.000 )  561    9  0.006   0.999952
 (  0.578 , -0.289 ,  0.000 )  561   10  0.006   0.999919
 (  0.556 , -0.278 ,  0.000 )  556    1  0.028   0.997936
 (  0.556 , -0.278 ,  0.000 )  556    2  0.028   0.997812
 (  0.556 , -0.278 ,  0.000 )  556    3  0.028   0.997318
 (  0.556 , -0.278 ,  0.000 )  556    4  0.028   0.999134
 (  0.556 , -0.278 ,  0.000 )  556    5  0.028   0.998595
 (  0.556 , -0.278 ,  0.000 )  556    6  0.028   0.996851
 (  0.556 , -0.278 ,  0.000 )  556    7  0.028   0.994158
 (  0.556 , -0.278 ,  0.000 )  556    8  0.028   0.993471
 (  0.556 , -0.278 ,  0.000 )  556    9  0.028   0.939499
 (  0.556 , -0.278 ,  0.000 )  556   10  0.028   0.962403
 (  0.533 , -0.267 ,  0.000 )  556    1  0.025   0.998584
 (  0.533 , -0.267 ,  0.000 )  556    2  0.025   0.998445
 (  0.533 , -0.267 ,  0.000 )  556    3  0.025   0.998070
 (  0.533 , -0.267 ,  0.000 )  556    4  0.025   0.999207
 (  0.533 , -0.267 ,  0.000 )  556    5  0.025   0.998977
 (  0.533 , -0.267 ,  0.000 )  556    6  0.025   0.997808
 (  0.533 , -0.267 ,  0.000 )  556    7  0.025   0.994906
 (  0.533 , -0.267 ,  0.000 )  556    8  0.025   0.994310
 (  0.533 , -0.267 ,  0.000 )  556    9  0.025   0.938964
 (  0.533 , -0.267 ,  0.000 )  556   10  0.025   0.962203
 (  0.511 , -0.256 ,  0.000 )  525    1  0.011   0.999533
 (  0.511 , -0.256 ,  0.000 )  525    2  0.011   0.999735
 (  0.511 , -0.256 ,  0.000 )  525    3  0.011   0.998818
 (  0.511 , -0.256 ,  0.000 )  525    4  0.011   0.999121
 (  0.511 , -0.256 ,  0.000 )  525    5  0.011   0.999870
 (  0.511 , -0.256 ,  0.000 )  525    6  0.011   0.999899
 (  0.511 , -0.256 ,  0.000 )  525    7  0.011   0.999246
 (  0.511 , -0.256 ,  0.000 )  525    8  0.011   0.999211
 (  0.511 , -0.256 ,  0.000 )  525    9  0.011   0.999174
 (  0.511 , -0.256 ,  0.000 )  525   10  0.011   0.999497
 (  0.489 , -0.244 ,  0.000 )  525    1  0.011   0.999846
 (  0.489 , -0.244 ,  0.000 )  525    2  0.011   0.999631
 (  0.489 , -0.244 ,  0.000 )  525    3  0.011   0.998727
 (  0.489 , -0.244 ,  0.000 )  525    4  0.011   0.999060
 (  0.489 , -0.244 ,  0.000 )  525    5  0.011   0.999885
 (  0.489 , -0.244 ,  0.000 )  525    6  0.011   0.999906
 (  0.489 , -0.244 ,  0.000 )  525    7  0.011   0.999236
 (  0.489 , -0.244 ,  0.000 )  525    8  0.011   0.999204
 (  0.489 , -0.244 ,  0.000 )  525    9  0.011   0.998897
 (  0.489 , -0.244 ,  0.000 )  525   10  0.011   0.999380
 (  0.467 , -0.233 ,  0.000 )  520    1  0.025   0.998539
 (  0.467 , -0.233 ,  0.000 )  520    2  0.025   0.998613
 (  0.467 , -0.233 ,  0.000 )  520    3  0.025   0.998807
 (  0.467 , -0.233 ,  0.000 )  520    4  0.025   0.998775
 (  0.467 , -0.233 ,  0.000 )  520    5  0.025   0.998758
 (  0.467 , -0.233 ,  0.000 )  520    6  0.025   0.998863
 (  0.467 , -0.233 ,  0.000 )  520    7  0.025   0.996162
 (  0.467 , -0.233 ,  0.000 )  520    8  0.025   0.995780
 (  0.467 , -0.233 ,  0.000 )  520    9  0.025   0.978756
 (  0.467 , -0.233 ,  0.000 )  520   10  0.025   0.959313
 (  0.444 , -0.222 ,  0.000 )  520    1  0.028   0.998352
 (  0.444 , -0.222 ,  0.000 )  520    2  0.028   0.998369
 (  0.444 , -0.222 ,  0.000 )  520    3  0.028   0.997405
 (  0.444 , -0.222 ,  0.000 )  520    4  0.028   0.997650
 (  0.444 , -0.222 ,  0.000 )  520    5  0.028   0.998460
 (  0.444 , -0.222 ,  0.000 )  520    6  0.028   0.998608
 (  0.444 , -0.222 ,  0.000 )  520    7  0.028   0.995386
 (  0.444 , -0.222 ,  0.000 )  520    8  0.028   0.994975
 (  0.444 , -0.222 ,  0.000 )  520    9  0.028   0.960321
 (  0.444 , -0.222 ,  0.000 )  520   10  0.028   0.945180
 (  0.422 , -0.211 ,  0.000 )  471    1  0.006   0.999944
 (  0.422 , -0.211 ,  0.000 )  471    2  0.006   0.999952
 (  0.422 , -0.211 ,  0.000 )  471    3  0.006   0.999818
 (  0.422 , -0.211 ,  0.000 )  471    4  0.006   0.999826
 (  0.422 , -0.211 ,  0.000 )  471    5  0.006   0.999955
 (  0.422 , -0.211 ,  0.000 )  471    6  0.006   0.999972
 (  0.422 , -0.211 ,  0.000 )  471    7  0.006   0.999797
 (  0.422 , -0.211 ,  0.000 )  471    8  0.006   0.999785
 (  0.422 , -0.211 ,  0.000 )  471    9  0.006   0.987697
 (  0.422 , -0.211 ,  0.000 )  471   10  0.006   0.964164
 (  0.400 , -0.200 ,  0.000 )  471    1  0.017   0.999476
 (  0.400 , -0.200 ,  0.000 )  471    2  0.017   0.999568
 (  0.400 , -0.200 ,  0.000 )  471    3  0.017   0.998507
 (  0.400 , -0.200 ,  0.000 )  471    4  0.017   0.998689
 (  0.400 , -0.200 ,  0.000 )  471    5  0.017   0.999505
 (  0.400 , -0.200 ,  0.000 )  471    6  0.017   0.999738
 (  0.400 , -0.200 ,  0.000 )  471    7  0.017   0.998150
 (  0.400 , -0.200 ,  0.000 )  471    8  0.017   0.998039
 (  0.400 , -0.200 ,  0.000 )  471    9  0.017   0.932630
 (  0.400 , -0.200 ,  0.000 )  471   10  0.017   0.932000
 (  0.378 , -0.189 ,  0.000 )  466    1  0.024   0.998825
 (  0.378 , -0.189 ,  0.000 )  466    2  0.024   0.998751
 (  0.378 , -0.189 ,  0.000 )  466    3  0.024   0.998739
 (  0.378 , -0.189 ,  0.000 )  466    4  0.024   0.998718
 (  0.378 , -0.189 ,  0.000 )  466    5  0.024   0.998750
 (  0.378 , -0.189 ,  0.000 )  466    6  0.024   0.998649
 (  0.378 , -0.189 ,  0.000 )  466    7  0.024   0.997409
 (  0.378 , -0.189 ,  0.000 )  466    8  0.024   0.997477
 (  0.378 , -0.189 ,  0.000 )  466    9  0.024   0.995958
 (  0.378 , -0.189 ,  0.000 )  466   10  0.024   0.996611
 (  0.356 , -0.178 ,  0.000 )  399    1  0.022   0.998905
 (  0.356 , -0.178 ,  0.000 )  399    2  0.022   0.999093
 (  0.356 , -0.178 ,  0.000 )  399    3  0.022   0.997789
 (  0.356 , -0.178 ,  0.000 )  399    4  0.022   0.998466
 (  0.356 , -0.178 ,  0.000 )  399    5  0.022   0.998954
 (  0.356 , -0.178 ,  0.000 )  399    6  0.022   0.999464
 (  0.356 , -0.178 ,  0.000 )  399    7  0.022   0.996962
 (  0.356 , -0.178 ,  0.000 )  399    8  0.022   0.996730
 (  0.356 , -0.178 ,  0.000 )  399    9  0.022   0.997100
 (  0.356 , -0.178 ,  0.000 )  399   10  0.022   0.998591
 (  0.333 , -0.167 ,  0.000 )  399    1  0.000   1.000000
 (  0.333 , -0.167 ,  0.000 )  399    2  0.000   1.000000
 (  0.333 , -0.167 ,  0.000 )  399    3  0.000   1.000000
 (  0.333 , -0.167 ,  0.000 )  399    4  0.000   1.000000
 (  0.333 , -0.167 ,  0.000 )  399    5  0.000   1.000000
 (  0.333 , -0.167 ,  0.000 )  399    6  0.000   1.000000
 (  0.333 , -0.167 ,  0.000 )  399    7  0.000   1.000000
 (  0.333 , -0.167 ,  0.000 )  399    8  0.000   1.000000
 (  0.333 , -0.167 ,  0.000 )  399    9  0.000   1.000000
 (  0.333 , -0.167 ,  0.000 )  399   10  0.000   1.000000
 (  0.311 , -0.156 ,  0.000 )  399    1  0.022   0.998825
 (  0.311 , -0.156 ,  0.000 )  399    2  0.022   0.999004
 (  0.311 , -0.156 ,  0.000 )  399    3  0.022   0.998796
 (  0.311 , -0.156 ,  0.000 )  399    4  0.022   0.998177
 (  0.311 , -0.156 ,  0.000 )  399    5  0.022   0.998806
 (  0.311 , -0.156 ,  0.000 )  399    6  0.022   0.999311
 (  0.311 , -0.156 ,  0.000 )  399    7  0.022   0.997119
 (  0.311 , -0.156 ,  0.000 )  399    8  0.022   0.996949
 (  0.311 , -0.156 ,  0.000 )  399    9  0.022   0.998453
 (  0.311 , -0.156 ,  0.000 )  399   10  0.022   0.999083
 (  0.289 , -0.144 ,  0.000 )  394    1  0.024   0.998675
 (  0.289 , -0.144 ,  0.000 )  394    2  0.024   0.998778
 (  0.289 , -0.144 ,  0.000 )  394    3  0.024   0.998632
 (  0.289 , -0.144 ,  0.000 )  394    4  0.024   0.998240
 (  0.289 , -0.144 ,  0.000 )  394    5  0.024   0.998643
 (  0.289 , -0.144 ,  0.000 )  394    6  0.024   0.998488
 (  0.289 , -0.144 ,  0.000 )  394    7  0.024   0.997280
 (  0.289 , -0.144 ,  0.000 )  394    8  0.024   0.997147
 (  0.289 , -0.144 ,  0.000 )  394    9  0.024   0.997956
 (  0.289 , -0.144 ,  0.000 )  394   10  0.024   0.998142
 (  0.267 , -0.133 ,  0.000 )  309    1  0.017   0.999218
 (  0.267 , -0.133 ,  0.000 )  309    2  0.017   0.999354
 (  0.267 , -0.133 ,  0.000 )  309    3  0.017   0.999528
 (  0.267 , -0.133 ,  0.000 )  309    4  0.017   0.999212
 (  0.267 , -0.133 ,  0.000 )  309    5  0.017   0.999305
 (  0.267 , -0.133 ,  0.000 )  309    6  0.017   0.999475
 (  0.267 , -0.133 ,  0.000 )  309    7  0.017   0.998772
 (  0.267 , -0.133 ,  0.000 )  309    8  0.017   0.998722
 (  0.267 , -0.133 ,  0.000 )  309    9  0.017   0.999720
 (  0.267 , -0.133 ,  0.000 )  309   10  0.017   0.999771
 (  0.244 , -0.122 ,  0.000 )  309    1  0.006   0.999911
 (  0.244 , -0.122 ,  0.000 )  309    2  0.006   0.999924
 (  0.244 , -0.122 ,  0.000 )  309    3  0.006   0.999950
 (  0.244 , -0.122 ,  0.000 )  309    4  0.006   0.999920
 (  0.244 , -0.122 ,  0.000 )  309    5  0.006   0.999913
 (  0.244 , -0.122 ,  0.000 )  309    6  0.006   0.999930
 (  0.244 , -0.122 ,  0.000 )  309    7  0.006   0.999870
 (  0.244 , -0.122 ,  0.000 )  309    8  0.006   0.999864
 (  0.244 , -0.122 ,  0.000 )  309    9  0.006   0.999971
 (  0.244 , -0.122 ,  0.000 )  309   10  0.006   0.999975
 (  0.222 , -0.111 ,  0.000 )  309    1  0.028   0.997989
 (  0.222 , -0.111 ,  0.000 )  309    2  0.028   0.997712
 (  0.222 , -0.111 ,  0.000 )  309    3  0.028   0.998755
 (  0.222 , -0.111 ,  0.000 )  309    4  0.028   0.998177
 (  0.222 , -0.111 ,  0.000 )  309    5  0.028   0.997626
 (  0.222 , -0.111 ,  0.000 )  309    6  0.028   0.997921
 (  0.222 , -0.111 ,  0.000 )  309    7  0.028   0.996905
 (  0.222 , -0.111 ,  0.000 )  309    8  0.028   0.996763
 (  0.222 , -0.111 ,  0.000 )  309    9  0.028   0.999268
 (  0.222 , -0.111 ,  0.000 )  309   10  0.028   0.999348
 (  0.200 , -0.100 ,  0.000 )  304    1  0.025   0.998394
 (  0.200 , -0.100 ,  0.000 )  304    2  0.025   0.998325
 (  0.200 , -0.100 ,  0.000 )  304    3  0.025   0.998762
 (  0.200 , -0.100 ,  0.000 )  304    4  0.025   0.998092
 (  0.200 , -0.100 ,  0.000 )  304    5  0.025   0.997300
 (  0.200 , -0.100 ,  0.000 )  304    6  0.025   0.997392
 (  0.200 , -0.100 ,  0.000 )  304    7  0.025   0.996097
 (  0.200 , -0.100 ,  0.000 )  304    8  0.025   0.995778
 (  0.200 , -0.100 ,  0.000 )  304    9  0.025   0.998614
 (  0.200 , -0.100 ,  0.000 )  304   10  0.025   0.998706
 (  0.178 , -0.089 ,  0.000 )  201    1  0.011   0.999598
 (  0.178 , -0.089 ,  0.000 )  201    2  0.011   0.999576
 (  0.178 , -0.089 ,  0.000 )  201    3  0.011   0.999693
 (  0.178 , -0.089 ,  0.000 )  201    4  0.011   0.999644
 (  0.178 , -0.089 ,  0.000 )  201    5  0.011   0.999550
 (  0.178 , -0.089 ,  0.000 )  201    6  0.011   0.999537
 (  0.178 , -0.089 ,  0.000 )  201    7  0.011   0.999649
 (  0.178 , -0.089 ,  0.000 )  201    8  0.011   0.999623
 (  0.178 , -0.089 ,  0.000 )  201    9  0.011   0.999678
 (  0.178 , -0.089 ,  0.000 )  201   10  0.011   0.999683
 (  0.156 , -0.078 ,  0.000 )  201    1  0.011   0.999567
 (  0.156 , -0.078 ,  0.000 )  201    2  0.011   0.999574
 (  0.156 , -0.078 ,  0.000 )  201    3  0.011   0.999634
 (  0.156 , -0.078 ,  0.000 )  201    4  0.011   0.999613
 (  0.156 , -0.078 ,  0.000 )  201    5  0.011   0.999530
 (  0.156 , -0.078 ,  0.000 )  201    6  0.011   0.999516
 (  0.156 , -0.078 ,  0.000 )  201    7  0.011   0.999666
 (  0.156 , -0.078 ,  0.000 )  201    8  0.011   0.999635
 (  0.156 , -0.078 ,  0.000 )  201    9  0.011   0.999579
 (  0.156 , -0.078 ,  0.000 )  201   10  0.011   0.999584
 (  0.133 , -0.067 ,  0.000 )  196    1  0.025   0.998105
 (  0.133 , -0.067 ,  0.000 )  196    2  0.025   0.998745
 (  0.133 , -0.067 ,  0.000 )  196    3  0.025   0.998177
 (  0.133 , -0.067 ,  0.000 )  196    4  0.025   0.998343
 (  0.133 , -0.067 ,  0.000 )  196    5  0.025   0.995632
 (  0.133 , -0.067 ,  0.000 )  196    6  0.025   0.995573
 (  0.133 , -0.067 ,  0.000 )  196    7  0.025   0.994649
 (  0.133 , -0.067 ,  0.000 )  196    8  0.025   0.994216
 (  0.133 , -0.067 ,  0.000 )  196    9  0.025   0.998684
 (  0.133 , -0.067 ,  0.000 )  196   10  0.025   0.998762
 (  0.111 , -0.056 ,  0.000 )   75    1  0.028   0.995861
 (  0.111 , -0.056 ,  0.000 )   75    2  0.028   0.995683
 (  0.111 , -0.056 ,  0.000 )   75    3  0.028   0.996162
 (  0.111 , -0.056 ,  0.000 )   75    4  0.028   0.995936
 (  0.111 , -0.056 ,  0.000 )   75    5  0.028   0.996819
 (  0.111 , -0.056 ,  0.000 )   75    6  0.028   0.996877
 (  0.111 , -0.056 ,  0.000 )   75    7  0.028   0.998202
 (  0.111 , -0.056 ,  0.000 )   75    8  0.028   0.998342
 (  0.111 , -0.056 ,  0.000 )   75    9  0.028   0.991306
 (  0.111 , -0.056 ,  0.000 )   75   10  0.028   0.991231
 (  0.089 , -0.044 ,  0.000 )   75    1  0.006   0.999806
 (  0.089 , -0.044 ,  0.000 )   75    2  0.006   0.999809
 (  0.089 , -0.044 ,  0.000 )   75    3  0.006   0.999834
 (  0.089 , -0.044 ,  0.000 )   75    4  0.006   0.999842
 (  0.089 , -0.044 ,  0.000 )   75    5  0.006   0.999878
 (  0.089 , -0.044 ,  0.000 )   75    6  0.006   0.999893
 (  0.089 , -0.044 ,  0.000 )   75    7  0.006   0.999891
 (  0.089 , -0.044 ,  0.000 )   75    8  0.006   0.999922
 (  0.089 , -0.044 ,  0.000 )   75    9  0.006   0.999621
 (  0.089 , -0.044 ,  0.000 )   75   10  0.006   0.999616
 (  0.067 , -0.033 ,  0.000 )   75    1  0.017   0.998149
 (  0.067 , -0.033 ,  0.000 )   75    2  0.017   0.998185
 (  0.067 , -0.033 ,  0.000 )   75    3  0.017   0.998651
 (  0.067 , -0.033 ,  0.000 )   75    4  0.017   0.998415
 (  0.067 , -0.033 ,  0.000 )   75    5  0.017   0.998925
 (  0.067 , -0.033 ,  0.000 )   75    6  0.017   0.998951
 (  0.067 , -0.033 ,  0.000 )   75    7  0.017   0.998721
 (  0.067 , -0.033 ,  0.000 )   75    8  0.017   0.999081
 (  0.067 , -0.033 ,  0.000 )   75    9  0.017   0.996616
 (  0.067 , -0.033 ,  0.000 )   75   10  0.017   0.996568
 (  0.044 , -0.022 ,  0.000 )   70    1  0.024   0.997674
 (  0.044 , -0.022 ,  0.000 )   70    2  0.024   0.997209
 (  0.044 , -0.022 ,  0.000 )   70    3  0.024   0.996223
 (  0.044 , -0.022 ,  0.000 )   70    4  0.024   0.995614
 (  0.044 , -0.022 ,  0.000 )   70    5  0.024   0.996314
 (  0.044 , -0.022 ,  0.000 )   70    6  0.024   0.995655
 (  0.044 , -0.022 ,  0.000 )   70    7  0.024   0.995418
 (  0.044 , -0.022 ,  0.000 )   70    8  0.024   0.994935
 (  0.044 , -0.022 ,  0.000 )   70    9  0.024   0.998710
 (  0.044 , -0.022 ,  0.000 )   70   10  0.024   0.998724
 (  0.022 , -0.011 ,  0.000 )    1    1  0.022   0.996498
 (  0.022 , -0.011 ,  0.000 )    1    2  0.022   0.996677
 (  0.022 , -0.011 ,  0.000 )    1    3  0.022   0.996237
 (  0.022 , -0.011 ,  0.000 )    1    4  0.022   0.996495
 (  0.022 , -0.011 ,  0.000 )    1    5  0.022   0.997013
 (  0.022 , -0.011 ,  0.000 )    1    6  0.022   0.997210
 (  0.022 , -0.011 ,  0.000 )    1    7  0.022   0.996501
 (  0.022 , -0.011 ,  0.000 )    1    8  0.022   0.996606
 (  0.022 , -0.011 ,  0.000 )    1    9  0.022   0.998625
 (  0.022 , -0.011 ,  0.000 )    1   10  0.022   0.998607
 (  0.000 ,  0.000 ,  0.000 )    1    1  0.000   1.000000
 (  0.000 ,  0.000 ,  0.000 )    1    2  0.000   1.000000
 (  0.000 ,  0.000 ,  0.000 )    1    3  0.000   1.000000
 (  0.000 ,  0.000 ,  0.000 )    1    4  0.000   1.000000
 (  0.000 ,  0.000 ,  0.000 )    1    5  0.000   1.000000
 (  0.000 ,  0.000 ,  0.000 )    1    6  0.000   1.000000
 (  0.000 ,  0.000 ,  0.000 )    1    7  0.000   1.000000
 (  0.000 ,  0.000 ,  0.000 )    1    8  0.000   1.000000
 (  0.000 ,  0.000 ,  0.000 )    1    9  0.000   1.000000
 (  0.000 ,  0.000 ,  0.000 )    1   10  0.000   1.000000
