 -------  Norm of dvv matrices : Spins =            1  -------
           k-point           ik_co    v   dist    |dvv|^2      
---------------------------------------------------------------
 (  0.000 ,  0.000 ,  0.000 )    1    1  0.000   1.000000
 (  0.000 ,  0.000 ,  0.000 )    1    2  0.000   1.000000
 (  0.000 ,  0.000 ,  0.000 )    1    3  0.000   1.000000
 (  0.000 ,  0.000 ,  0.000 )    1    4  0.000   1.000000
 (  0.000 ,  0.000 ,  0.000 )    1    5  0.000   1.000000
 (  0.000 ,  0.000 ,  0.000 )    1    6  0.000   1.000000
 (  0.000 ,  0.000 ,  0.000 )    1    7  0.000   1.000000
 (  0.000 ,  0.000 ,  0.000 )    1    8  0.000   1.000000
 (  0.011 ,  0.011 ,  0.000 )    1    1  0.022   0.999440
 (  0.011 ,  0.011 ,  0.000 )    1    2  0.022   0.999395
 (  0.011 ,  0.011 ,  0.000 )    1    3  0.022   0.997976
 (  0.011 ,  0.011 ,  0.000 )    1    4  0.022   0.997796
 (  0.011 ,  0.011 ,  0.000 )    1    5  0.022   0.997567
 (  0.011 ,  0.011 ,  0.000 )    1    6  0.022   0.997676
 (  0.011 ,  0.011 ,  0.000 )    1    7  0.022   0.998599
 (  0.011 ,  0.011 ,  0.000 )    1    8  0.022   0.999285
 (  0.022 ,  0.022 ,  0.000 )    2    1  0.024   0.999272
 (  0.022 ,  0.022 ,  0.000 )    2    2  0.024   0.999354
 (  0.022 ,  0.022 ,  0.000 )    2    3  0.024   0.997610
 (  0.022 ,  0.022 ,  0.000 )    2    4  0.024   0.997894
 (  0.022 ,  0.022 ,  0.000 )    2    5  0.024   0.996719
 (  0.022 ,  0.022 ,  0.000 )    2    6  0.024   0.995808
 (  0.022 ,  0.022 ,  0.000 )    2    7  0.024   0.996986
 (  0.022 ,  0.022 ,  0.000 )    2    8  0.024   0.993695
 (  0.033 ,  0.033 ,  0.000 )   71    1  0.017   0.999658
 (  0.033 ,  0.033 ,  0.000 )   71    2  0.017   0.999599
 (  0.033 ,  0.033 ,  0.000 )   71    3  0.017   0.998514
 (  0.033 ,  0.033 ,  0.000 )   71    4  0.017   0.997891
 (  0.033 ,  0.033 ,  0.000 )   71    5  0.017   0.998761
 (  0.033 ,  0.033 ,  0.000 )   71    6  0.017   0.998992
 (  0.033 ,  0.033 ,  0.000 )   71    7  0.017   0.972159
 (  0.033 ,  0.033 ,  0.000 )   71    8  0.017   0.977399
 (  0.044 ,  0.044 ,  0.000 )   71    1  0.006   0.999960
 (  0.044 ,  0.044 ,  0.000 )   71    2  0.006   0.999951
 (  0.044 ,  0.044 ,  0.000 )   71    3  0.006   0.999842
 (  0.044 ,  0.044 ,  0.000 )   71    4  0.006   0.999746
 (  0.044 ,  0.044 ,  0.000 )   71    5  0.006   0.999929
 (  0.044 ,  0.044 ,  0.000 )   71    6  0.006   0.999919
 (  0.044 ,  0.044 ,  0.000 )   71    7  0.006   0.995689
 (  0.044 ,  0.044 ,  0.000 )   71    8  0.006   0.994270
 (  0.056 ,  0.056 ,  0.000 )   71    1  0.028   0.998923
 (  0.056 ,  0.056 ,  0.000 )   71    2  0.028   0.998662
 (  0.056 ,  0.056 ,  0.000 )   71    3  0.028   0.996370
 (  0.056 ,  0.056 ,  0.000 )   71    4  0.028   0.993644
 (  0.056 ,  0.056 ,  0.000 )   71    5  0.028   0.999143
 (  0.056 ,  0.056 ,  0.000 )   71    6  0.028   0.998384
 (  0.056 ,  0.056 ,  0.000 )   71    7  0.028   0.902701
 (  0.056 ,  0.056 ,  0.000 )   71    8  0.028   0.794349
 (  0.067 ,  0.067 ,  0.000 )   77    1  0.025   0.999384
 (  0.067 ,  0.067 ,  0.000 )   77    2  0.025   0.999305
 (  0.067 ,  0.067 ,  0.000 )   77    3  0.025   0.998439
 (  0.067 ,  0.067 ,  0.000 )   77    4  0.025   0.998688
 (  0.067 ,  0.067 ,  0.000 )   77    5  0.025   0.986511
 (  0.067 ,  0.067 ,  0.000 )   77    6  0.025   0.981353
 (  0.067 ,  0.067 ,  0.000 )   77    7  0.025   0.975223
 (  0.067 ,  0.067 ,  0.000 )   77    8  0.025   0.946201
 (  0.078 ,  0.078 ,  0.000 )  197    1  0.011   0.999805
 (  0.078 ,  0.078 ,  0.000 )  197    2  0.011   0.999792
 (  0.078 ,  0.078 ,  0.000 )  197    3  0.011   0.999274
 (  0.078 ,  0.078 ,  0.000 )  197    4  0.011   0.999131
 (  0.078 ,  0.078 ,  0.000 )  197    5  0.011   0.999755
 (  0.078 ,  0.078 ,  0.000 )  197    6  0.011   0.999503
 (  0.078 ,  0.078 ,  0.000 )  197    7  0.011   0.998975
 (  0.078 ,  0.078 ,  0.000 )  197    8  0.011   0.998485
 (  0.089 ,  0.089 ,  0.000 )  197    1  0.011   0.999798
 (  0.089 ,  0.089 ,  0.000 )  197    2  0.011   0.999772
 (  0.089 ,  0.089 ,  0.000 )  197    3  0.011   0.999330
 (  0.089 ,  0.089 ,  0.000 )  197    4  0.011   0.999238
 (  0.089 ,  0.089 ,  0.000 )  197    5  0.011   0.999562
 (  0.089 ,  0.089 ,  0.000 )  197    6  0.011   0.999397
 (  0.089 ,  0.089 ,  0.000 )  197    7  0.011   0.999443
 (  0.089 ,  0.089 ,  0.000 )  197    8  0.011   0.999066
 (  0.100 ,  0.100 ,  0.000 )  301    1  0.025   0.999135
 (  0.100 ,  0.100 ,  0.000 )  301    2  0.025   0.999084
 (  0.100 ,  0.100 ,  0.000 )  301    3  0.025   0.998827
 (  0.100 ,  0.100 ,  0.000 )  301    4  0.025   0.999035
 (  0.100 ,  0.100 ,  0.000 )  301    5  0.025   0.985920
 (  0.100 ,  0.100 ,  0.000 )  301    6  0.025   0.977738
 (  0.100 ,  0.100 ,  0.000 )  301    7  0.025   0.983127
 (  0.100 ,  0.100 ,  0.000 )  301    8  0.025   0.972088
 (  0.111 ,  0.111 ,  0.000 )  203    1  0.028   0.999001
 (  0.111 ,  0.111 ,  0.000 )  203    2  0.028   0.998956
 (  0.111 ,  0.111 ,  0.000 )  203    3  0.028   0.998332
 (  0.111 ,  0.111 ,  0.000 )  203    4  0.028   0.998643
 (  0.111 ,  0.111 ,  0.000 )  203    5  0.028   0.986062
 (  0.111 ,  0.111 ,  0.000 )  203    6  0.028   0.981739
 (  0.111 ,  0.111 ,  0.000 )  203    7  0.028   0.975827
 (  0.111 ,  0.111 ,  0.000 )  203    8  0.028   0.970920
 (  0.122 ,  0.122 ,  0.000 )  305    1  0.006   0.999949
 (  0.122 ,  0.122 ,  0.000 )  305    2  0.006   0.999932
 (  0.122 ,  0.122 ,  0.000 )  305    3  0.006   0.999887
 (  0.122 ,  0.122 ,  0.000 )  305    4  0.006   0.999874
 (  0.122 ,  0.122 ,  0.000 )  305    5  0.006   0.999933
 (  0.122 ,  0.122 ,  0.000 )  305    6  0.006   0.999906
 (  0.122 ,  0.122 ,  0.000 )  305    7  0.006   0.999562
 (  0.122 ,  0.122 ,  0.000 )  305    8  0.006   0.999369
 (  0.133 ,  0.133 ,  0.000 )  305    1  0.017   0.999571
 (  0.133 ,  0.133 ,  0.000 )  305    2  0.017   0.999380
 (  0.133 ,  0.133 ,  0.000 )  305    3  0.017   0.998995
 (  0.133 ,  0.133 ,  0.000 )  305    4  0.017   0.998925
 (  0.133 ,  0.133 ,  0.000 )  305    5  0.017   0.999402
 (  0.133 ,  0.133 ,  0.000 )  305    6  0.017   0.999142
 (  0.133 ,  0.133 ,  0.000 )  305    7  0.017   0.992833
 (  0.133 ,  0.133 ,  0.000 )  305    8  0.017   0.994266
 (  0.144 ,  0.144 ,  0.000 )  391    1  0.024   0.998460
 (  0.144 ,  0.144 ,  0.000 )  391    2  0.024   0.998864
 (  0.144 ,  0.144 ,  0.000 )  391    3  0.024   0.999127
 (  0.144 ,  0.144 ,  0.000 )  391    4  0.024   0.999321
 (  0.144 ,  0.144 ,  0.000 )  391    5  0.024   0.990535
 (  0.144 ,  0.144 ,  0.000 )  391    6  0.024   0.989388
 (  0.144 ,  0.144 ,  0.000 )  391    7  0.024   0.955374
 (  0.144 ,  0.144 ,  0.000 )  391    8  0.024   0.934545
 (  0.156 ,  0.156 ,  0.000 )  395    1  0.022   0.999169
 (  0.156 ,  0.156 ,  0.000 )  395    2  0.022   0.998871
 (  0.156 ,  0.156 ,  0.000 )  395    3  0.022   0.998649
 (  0.156 ,  0.156 ,  0.000 )  395    4  0.022   0.998470
 (  0.156 ,  0.156 ,  0.000 )  395    5  0.022   0.998771
 (  0.156 ,  0.156 ,  0.000 )  395    6  0.022   0.998415
 (  0.156 ,  0.156 ,  0.000 )  395    7  0.022   0.981516
 (  0.156 ,  0.156 ,  0.000 )  395    8  0.022   0.956906
 (  0.167 ,  0.167 ,  0.000 )  395    1  0.000   1.000000
 (  0.167 ,  0.167 ,  0.000 )  395    2  0.000   1.000000
 (  0.167 ,  0.167 ,  0.000 )  395    3  0.000   1.000000
 (  0.167 ,  0.167 ,  0.000 )  395    4  0.000   1.000000
 (  0.167 ,  0.167 ,  0.000 )  395    5  0.000   1.000000
 (  0.167 ,  0.167 ,  0.000 )  395    6  0.000   1.000000
 (  0.167 ,  0.167 ,  0.000 )  395    7  0.000   1.000000
 (  0.167 ,  0.167 ,  0.000 )  395    8  0.000   1.000000
 (  0.178 ,  0.178 ,  0.000 )  395    1  0.022   0.999124
 (  0.178 ,  0.178 ,  0.000 )  395    2  0.022   0.998916
 (  0.178 ,  0.178 ,  0.000 )  395    3  0.022   0.998683
 (  0.178 ,  0.178 ,  0.000 )  395    4  0.022   0.998573
 (  0.178 ,  0.178 ,  0.000 )  395    5  0.022   0.998484
 (  0.178 ,  0.178 ,  0.000 )  395    6  0.022   0.998213
 (  0.178 ,  0.178 ,  0.000 )  395    7  0.022   0.986561
 (  0.178 ,  0.178 ,  0.000 )  395    8  0.022   0.968699
 (  0.189 ,  0.189 ,  0.000 )  401    1  0.024   0.997562
 (  0.189 ,  0.189 ,  0.000 )  401    2  0.024   0.997950
 (  0.189 ,  0.189 ,  0.000 )  401    3  0.024   0.999338
 (  0.189 ,  0.189 ,  0.000 )  401    4  0.024   0.999472
 (  0.189 ,  0.189 ,  0.000 )  401    5  0.024   0.990600
 (  0.189 ,  0.189 ,  0.000 )  401    6  0.024   0.990204
 (  0.189 ,  0.189 ,  0.000 )  401    7  0.024   0.975590
 (  0.189 ,  0.189 ,  0.000 )  401    8  0.024   0.957166
 (  0.200 ,  0.200 ,  0.000 )  467    1  0.017   0.999336
 (  0.200 ,  0.200 ,  0.000 )  467    2  0.017   0.999268
 (  0.200 ,  0.200 ,  0.000 )  467    3  0.017   0.999439
 (  0.200 ,  0.200 ,  0.000 )  467    4  0.017   0.999464
 (  0.200 ,  0.200 ,  0.000 )  467    5  0.017   0.998713
 (  0.200 ,  0.200 ,  0.000 )  467    6  0.017   0.998504
 (  0.200 ,  0.200 ,  0.000 )  467    7  0.017   0.997687
 (  0.200 ,  0.200 ,  0.000 )  467    8  0.017   0.997021
 (  0.211 ,  0.211 ,  0.000 )  467    1  0.006   0.999921
 (  0.211 ,  0.211 ,  0.000 )  467    2  0.006   0.999915
 (  0.211 ,  0.211 ,  0.000 )  467    3  0.006   0.999940
 (  0.211 ,  0.211 ,  0.000 )  467    4  0.006   0.999942
 (  0.211 ,  0.211 ,  0.000 )  467    5  0.006   0.999846
 (  0.211 ,  0.211 ,  0.000 )  467    6  0.006   0.999818
 (  0.211 ,  0.211 ,  0.000 )  467    7  0.006   0.999782
 (  0.211 ,  0.211 ,  0.000 )  467    8  0.006   0.999740
 (  0.222 ,  0.222 ,  0.000 )  517    1  0.028   0.996762
 (  0.222 ,  0.222 ,  0.000 )  517    2  0.028   0.996978
 (  0.222 ,  0.222 ,  0.000 )  517    3  0.028   0.998937
 (  0.222 ,  0.222 ,  0.000 )  517    4  0.028   0.999113
 (  0.222 ,  0.222 ,  0.000 )  517    5  0.028   0.983800
 (  0.222 ,  0.222 ,  0.000 )  517    6  0.028   0.983882
 (  0.222 ,  0.222 ,  0.000 )  517    7  0.028   0.988867
 (  0.222 ,  0.222 ,  0.000 )  517    8  0.028   0.985524
 (  0.233 ,  0.233 ,  0.000 )  473    1  0.025   0.997281
 (  0.233 ,  0.233 ,  0.000 )  473    2  0.025   0.997536
 (  0.233 ,  0.233 ,  0.000 )  473    3  0.025   0.999310
 (  0.233 ,  0.233 ,  0.000 )  473    4  0.025   0.999470
 (  0.233 ,  0.233 ,  0.000 )  473    5  0.025   0.984039
 (  0.233 ,  0.233 ,  0.000 )  473    6  0.025   0.984461
 (  0.233 ,  0.233 ,  0.000 )  473    7  0.025   0.988689
 (  0.233 ,  0.233 ,  0.000 )  473    8  0.025   0.985712
 (  0.244 ,  0.244 ,  0.000 )  521    1  0.011   0.999690
 (  0.244 ,  0.244 ,  0.000 )  521    2  0.011   0.999665
 (  0.244 ,  0.244 ,  0.000 )  521    3  0.011   0.999815
 (  0.244 ,  0.244 ,  0.000 )  521    4  0.011   0.999823
 (  0.244 ,  0.244 ,  0.000 )  521    5  0.011   0.998398
 (  0.244 ,  0.244 ,  0.000 )  521    6  0.011   0.998136
 (  0.244 ,  0.244 ,  0.000 )  521    7  0.011   0.998038
 (  0.244 ,  0.244 ,  0.000 )  521    8  0.011   0.999539
 (  0.256 ,  0.256 ,  0.000 )  521    1  0.011   0.999692
 (  0.256 ,  0.256 ,  0.000 )  521    2  0.011   0.999671
 (  0.256 ,  0.256 ,  0.000 )  521    3  0.011   0.999824
 (  0.256 ,  0.256 ,  0.000 )  521    4  0.011   0.999831
 (  0.256 ,  0.256 ,  0.000 )  521    5  0.011   0.998032
 (  0.256 ,  0.256 ,  0.000 )  521    6  0.011   0.998806
 (  0.256 ,  0.256 ,  0.000 )  521    7  0.011   0.999515
 (  0.256 ,  0.256 ,  0.000 )  521    8  0.011   0.995757
 (  0.267 ,  0.267 ,  0.000 )  553    1  0.025   0.997771
 (  0.267 ,  0.267 ,  0.000 )  553    2  0.025   0.997751
 (  0.267 ,  0.267 ,  0.000 )  553    3  0.025   0.999328
 (  0.267 ,  0.267 ,  0.000 )  553    4  0.025   0.999482
 (  0.267 ,  0.267 ,  0.000 )  553    5  0.025   0.989366
 (  0.267 ,  0.267 ,  0.000 )  553    6  0.025   0.966334
 (  0.267 ,  0.267 ,  0.000 )  553    7  0.025   0.979225
 (  0.267 ,  0.267 ,  0.000 )  553    8  0.025   0.950509
 (  0.278 ,  0.278 ,  0.000 )  527    1  0.028   0.997690
 (  0.278 ,  0.278 ,  0.000 )  527    2  0.028   0.997669
 (  0.278 ,  0.278 ,  0.000 )  527    3  0.028   0.999440
 (  0.278 ,  0.278 ,  0.000 )  527    4  0.028   0.999312
 (  0.278 ,  0.278 ,  0.000 )  527    5  0.028   0.991545
 (  0.278 ,  0.278 ,  0.000 )  527    6  0.028   0.988372
 (  0.278 ,  0.278 ,  0.000 )  527    7  0.028   0.941659
 (  0.278 ,  0.278 ,  0.000 )  527    8  0.028   0.906428
 (  0.289 ,  0.289 ,  0.000 )  557    1  0.006   0.999966
 (  0.289 ,  0.289 ,  0.000 )  557    2  0.006   0.999960
 (  0.289 ,  0.289 ,  0.000 )  557    3  0.006   0.999967
 (  0.289 ,  0.289 ,  0.000 )  557    4  0.006   0.999966
 (  0.289 ,  0.289 ,  0.000 )  557    5  0.006   0.999840
 (  0.289 ,  0.289 ,  0.000 )  557    6  0.006   0.999754
 (  0.289 ,  0.289 ,  0.000 )  557    7  0.006   0.995049
 (  0.289 ,  0.289 ,  0.000 )  557    8  0.006   0.996791
 (  0.300 ,  0.300 ,  0.000 )  557    1  0.017   0.999669
 (  0.300 ,  0.300 ,  0.000 )  557    2  0.017   0.999624
 (  0.300 ,  0.300 ,  0.000 )  557    3  0.017   0.999725
 (  0.300 ,  0.300 ,  0.000 )  557    4  0.017   0.999717
 (  0.300 ,  0.300 ,  0.000 )  557    5  0.017   0.998814
 (  0.300 ,  0.300 ,  0.000 )  557    6  0.017   0.998481
 (  0.300 ,  0.300 ,  0.000 )  557    7  0.017   0.981029
 (  0.300 ,  0.300 ,  0.000 )  557    8  0.017   0.954625
 (  0.311 ,  0.311 ,  0.000 )  571    1  0.024   0.998874
 (  0.311 ,  0.311 ,  0.000 )  571    2  0.024   0.998935
 (  0.311 ,  0.311 ,  0.000 )  571    3  0.024   0.999645
 (  0.311 ,  0.311 ,  0.000 )  571    4  0.024   0.999635
 (  0.311 ,  0.311 ,  0.000 )  571    5  0.024   0.996582
 (  0.311 ,  0.311 ,  0.000 )  571    6  0.024   0.996388
 (  0.311 ,  0.311 ,  0.000 )  571    7  0.024   0.982567
 (  0.311 ,  0.311 ,  0.000 )  571    8  0.024   0.945809
 (  0.322 ,  0.322 ,  0.000 )  575    1  0.022   0.999373
 (  0.322 ,  0.322 ,  0.000 )  575    2  0.022   0.999353
 (  0.322 ,  0.322 ,  0.000 )  575    3  0.022   0.999605
 (  0.322 ,  0.322 ,  0.000 )  575    4  0.022   0.999598
 (  0.322 ,  0.322 ,  0.000 )  575    5  0.022   0.997873
 (  0.322 ,  0.322 ,  0.000 )  575    6  0.022   0.997650
 (  0.322 ,  0.322 ,  0.000 )  575    7  0.022   0.992003
 (  0.322 ,  0.322 ,  0.000 )  575    8  0.022   0.979223
 (  0.333 ,  0.333 ,  0.000 )  575    1  0.000   1.000000
 (  0.333 ,  0.333 ,  0.000 )  575    2  0.000   1.000000
 (  0.333 ,  0.333 ,  0.000 )  575    3  0.000   1.000000
 (  0.333 ,  0.333 ,  0.000 )  575    4  0.000   1.000000
 (  0.333 ,  0.333 ,  0.000 )  575    5  0.000   1.000000
 (  0.333 ,  0.333 ,  0.000 )  575    6  0.000   1.000000
 (  0.333 ,  0.333 ,  0.000 )  575    7  0.000   1.000000
 (  0.333 ,  0.333 ,  0.000 )  575    8  0.000   1.000000
 (  0.339 ,  0.322 ,  0.000 )  575    1  0.011   0.999813
 (  0.339 ,  0.322 ,  0.000 )  575    2  0.011   0.999820
 (  0.339 ,  0.322 ,  0.000 )  575    3  0.011   0.999916
 (  0.339 ,  0.322 ,  0.000 )  575    4  0.011   0.999920
 (  0.339 ,  0.322 ,  0.000 )  575    5  0.011   0.999414
 (  0.339 ,  0.322 ,  0.000 )  575    6  0.011   0.999364
 (  0.339 ,  0.322 ,  0.000 )  575    7  0.011   0.997862
 (  0.339 ,  0.322 ,  0.000 )  575    8  0.011   0.994233
 (  0.344 ,  0.311 ,  0.000 )  575    1  0.022   0.999211
 (  0.344 ,  0.311 ,  0.000 )  575    2  0.022   0.999254
 (  0.344 ,  0.311 ,  0.000 )  575    3  0.022   0.999680
 (  0.344 ,  0.311 ,  0.000 )  575    4  0.022   0.999695
 (  0.344 ,  0.311 ,  0.000 )  575    5  0.022   0.997564
 (  0.344 ,  0.311 ,  0.000 )  575    6  0.022   0.997377
 (  0.344 ,  0.311 ,  0.000 )  575    7  0.022   0.990763
 (  0.344 ,  0.311 ,  0.000 )  575    8  0.022   0.974135
 (  0.350 ,  0.300 ,  0.000 )  571    1  0.025   0.999065
 (  0.350 ,  0.300 ,  0.000 )  571    2  0.025   0.999081
 (  0.350 ,  0.300 ,  0.000 )  571    3  0.025   0.999454
 (  0.350 ,  0.300 ,  0.000 )  571    4  0.025   0.999432
 (  0.350 ,  0.300 ,  0.000 )  571    5  0.025   0.997458
 (  0.350 ,  0.300 ,  0.000 )  571    6  0.025   0.997131
 (  0.350 ,  0.300 ,  0.000 )  571    7  0.025   0.987527
 (  0.350 ,  0.300 ,  0.000 )  571    8  0.025   0.966350
 (  0.356 ,  0.289 ,  0.000 )  571    1  0.024   0.999216
 (  0.356 ,  0.289 ,  0.000 )  571    2  0.024   0.999209
 (  0.356 ,  0.289 ,  0.000 )  571    3  0.024   0.999474
 (  0.356 ,  0.289 ,  0.000 )  571    4  0.024   0.999431
 (  0.356 ,  0.289 ,  0.000 )  571    5  0.024   0.997747
 (  0.356 ,  0.289 ,  0.000 )  571    6  0.024   0.997449
 (  0.356 ,  0.289 ,  0.000 )  571    7  0.024   0.989708
 (  0.356 ,  0.289 ,  0.000 )  571    8  0.024   0.974841
 (  0.361 ,  0.278 ,  0.000 )  541    1  0.028   0.998154
 (  0.361 ,  0.278 ,  0.000 )  541    2  0.028   0.998129
 (  0.361 ,  0.278 ,  0.000 )  541    3  0.028   0.999605
 (  0.361 ,  0.278 ,  0.000 )  541    4  0.028   0.999655
 (  0.361 ,  0.278 ,  0.000 )  541    5  0.028   0.994315
 (  0.361 ,  0.278 ,  0.000 )  541    6  0.028   0.994220
 (  0.361 ,  0.278 ,  0.000 )  541    7  0.028   0.923483
 (  0.361 ,  0.278 ,  0.000 )  541    8  0.028   0.899775
 (  0.367 ,  0.267 ,  0.000 )  541    1  0.017   0.999311
 (  0.367 ,  0.267 ,  0.000 )  541    2  0.017   0.999298
 (  0.367 ,  0.267 ,  0.000 )  541    3  0.017   0.999868
 (  0.367 ,  0.267 ,  0.000 )  541    4  0.017   0.999880
 (  0.367 ,  0.267 ,  0.000 )  541    5  0.017   0.997767
 (  0.367 ,  0.267 ,  0.000 )  541    6  0.017   0.997840
 (  0.367 ,  0.267 ,  0.000 )  541    7  0.017   0.966736
 (  0.367 ,  0.267 ,  0.000 )  541    8  0.017   0.967609
 (  0.372 ,  0.256 ,  0.000 )  541    1  0.006   0.999921
 (  0.372 ,  0.256 ,  0.000 )  541    2  0.006   0.999919
 (  0.372 ,  0.256 ,  0.000 )  541    3  0.006   0.999986
 (  0.372 ,  0.256 ,  0.000 )  541    4  0.006   0.999987
 (  0.372 ,  0.256 ,  0.000 )  541    5  0.006   0.999723
 (  0.372 ,  0.256 ,  0.000 )  541    6  0.006   0.999751
 (  0.372 ,  0.256 ,  0.000 )  541    7  0.006   0.996855
 (  0.372 ,  0.256 ,  0.000 )  541    8  0.006   0.995966
 (  0.378 ,  0.244 ,  0.000 )  541    1  0.006   0.999918
 (  0.378 ,  0.244 ,  0.000 )  541    2  0.006   0.999916
 (  0.378 ,  0.244 ,  0.000 )  541    3  0.006   0.999987
 (  0.378 ,  0.244 ,  0.000 )  541    4  0.006   0.999986
 (  0.378 ,  0.244 ,  0.000 )  541    5  0.006   0.999679
 (  0.378 ,  0.244 ,  0.000 )  541    6  0.006   0.999743
 (  0.378 ,  0.244 ,  0.000 )  541    7  0.006   0.997450
 (  0.378 ,  0.244 ,  0.000 )  541    8  0.006   0.995823
 (  0.383 ,  0.233 ,  0.000 )  541    1  0.017   0.999246
 (  0.383 ,  0.233 ,  0.000 )  541    2  0.017   0.999225
 (  0.383 ,  0.233 ,  0.000 )  541    3  0.017   0.999888
 (  0.383 ,  0.233 ,  0.000 )  541    4  0.017   0.999873
 (  0.383 ,  0.233 ,  0.000 )  541    5  0.017   0.996477
 (  0.383 ,  0.233 ,  0.000 )  541    6  0.017   0.997500
 (  0.383 ,  0.233 ,  0.000 )  541    7  0.017   0.981811
 (  0.383 ,  0.233 ,  0.000 )  541    8  0.017   0.964641
 (  0.389 ,  0.222 ,  0.000 )  499    1  0.028   0.998566
 (  0.389 ,  0.222 ,  0.000 )  499    2  0.028   0.998596
 (  0.389 ,  0.222 ,  0.000 )  499    3  0.028   0.999192
 (  0.389 ,  0.222 ,  0.000 )  499    4  0.028   0.999171
 (  0.389 ,  0.222 ,  0.000 )  499    5  0.028   0.995628
 (  0.389 ,  0.222 ,  0.000 )  499    6  0.028   0.989820
 (  0.389 ,  0.222 ,  0.000 )  499    7  0.028   0.996738
 (  0.389 ,  0.222 ,  0.000 )  499    8  0.028   0.980364
 (  0.394 ,  0.211 ,  0.000 )  499    1  0.024   0.999140
 (  0.394 ,  0.211 ,  0.000 )  499    2  0.024   0.999141
 (  0.394 ,  0.211 ,  0.000 )  499    3  0.024   0.999256
 (  0.394 ,  0.211 ,  0.000 )  499    4  0.024   0.999237
 (  0.394 ,  0.211 ,  0.000 )  499    5  0.024   0.997297
 (  0.394 ,  0.211 ,  0.000 )  499    6  0.024   0.994969
 (  0.394 ,  0.211 ,  0.000 )  499    7  0.024   0.998552
 (  0.394 ,  0.211 ,  0.000 )  499    8  0.024   0.995195
 (  0.400 ,  0.200 ,  0.000 )  499    1  0.025   0.998850
 (  0.400 ,  0.200 ,  0.000 )  499    2  0.025   0.998871
 (  0.400 ,  0.200 ,  0.000 )  499    3  0.025   0.999202
 (  0.400 ,  0.200 ,  0.000 )  499    4  0.025   0.999229
 (  0.400 ,  0.200 ,  0.000 )  499    5  0.025   0.994877
 (  0.400 ,  0.200 ,  0.000 )  499    6  0.025   0.995984
 (  0.400 ,  0.200 ,  0.000 )  499    7  0.025   0.997898
 (  0.400 ,  0.200 ,  0.000 )  499    8  0.025   0.995397
 (  0.406 ,  0.189 ,  0.000 )  433    1  0.022   0.998173
 (  0.406 ,  0.189 ,  0.000 )  433    2  0.022   0.998279
 (  0.406 ,  0.189 ,  0.000 )  433    3  0.022   0.999806
 (  0.406 ,  0.189 ,  0.000 )  433    4  0.022   0.999849
 (  0.406 ,  0.189 ,  0.000 )  433    5  0.022   0.996371
 (  0.406 ,  0.189 ,  0.000 )  433    6  0.022   0.994728
 (  0.406 ,  0.189 ,  0.000 )  433    7  0.022   0.992781
 (  0.406 ,  0.189 ,  0.000 )  433    8  0.022   0.994600
 (  0.411 ,  0.178 ,  0.000 )  433    1  0.011   0.999539
 (  0.411 ,  0.178 ,  0.000 )  433    2  0.011   0.999566
 (  0.411 ,  0.178 ,  0.000 )  433    3  0.011   0.999947
 (  0.411 ,  0.178 ,  0.000 )  433    4  0.011   0.999963
 (  0.411 ,  0.178 ,  0.000 )  433    5  0.011   0.999197
 (  0.411 ,  0.178 ,  0.000 )  433    6  0.011   0.998756
 (  0.411 ,  0.178 ,  0.000 )  433    7  0.011   0.998452
 (  0.411 ,  0.178 ,  0.000 )  433    8  0.011   0.998633
 (  0.417 ,  0.167 ,  0.000 )  433    1  0.000   1.000000
 (  0.417 ,  0.167 ,  0.000 )  433    2  0.000   1.000000
 (  0.417 ,  0.167 ,  0.000 )  433    3  0.000   1.000000
 (  0.417 ,  0.167 ,  0.000 )  433    4  0.000   1.000000
 (  0.417 ,  0.167 ,  0.000 )  433    5  0.000   1.000000
 (  0.417 ,  0.167 ,  0.000 )  433    6  0.000   1.000000
 (  0.417 ,  0.167 ,  0.000 )  433    7  0.000   1.000000
 (  0.417 ,  0.167 ,  0.000 )  433    8  0.000   1.000000
 (  0.422 ,  0.156 ,  0.000 )  433    1  0.011   0.999531
 (  0.422 ,  0.156 ,  0.000 )  433    2  0.011   0.999558
 (  0.422 ,  0.156 ,  0.000 )  433    3  0.011   0.999931
 (  0.422 ,  0.156 ,  0.000 )  433    4  0.011   0.999956
 (  0.422 ,  0.156 ,  0.000 )  433    5  0.011   0.999349
 (  0.422 ,  0.156 ,  0.000 )  433    6  0.011   0.998999
 (  0.422 ,  0.156 ,  0.000 )  433    7  0.011   0.998648
 (  0.422 ,  0.156 ,  0.000 )  433    8  0.011   0.998615
 (  0.428 ,  0.144 ,  0.000 )  433    1  0.022   0.998107
 (  0.428 ,  0.144 ,  0.000 )  433    2  0.022   0.998218
 (  0.428 ,  0.144 ,  0.000 )  433    3  0.022   0.999665
 (  0.428 ,  0.144 ,  0.000 )  433    4  0.022   0.999743
 (  0.428 ,  0.144 ,  0.000 )  433    5  0.022   0.997675
 (  0.428 ,  0.144 ,  0.000 )  433    6  0.022   0.996471
 (  0.428 ,  0.144 ,  0.000 )  433    7  0.022   0.994745
 (  0.428 ,  0.144 ,  0.000 )  433    8  0.022   0.994456
 (  0.433 ,  0.133 ,  0.000 )  355    1  0.025   0.998596
 (  0.433 ,  0.133 ,  0.000 )  355    2  0.025   0.998667
 (  0.433 ,  0.133 ,  0.000 )  355    3  0.025   0.998868
 (  0.433 ,  0.133 ,  0.000 )  355    4  0.025   0.998809
 (  0.433 ,  0.133 ,  0.000 )  355    5  0.025   0.998593
 (  0.433 ,  0.133 ,  0.000 )  355    6  0.025   0.998586
 (  0.433 ,  0.133 ,  0.000 )  355    7  0.025   0.998508
 (  0.433 ,  0.133 ,  0.000 )  355    8  0.025   0.998699
 (  0.439 ,  0.122 ,  0.000 )  355    1  0.024   0.998776
 (  0.439 ,  0.122 ,  0.000 )  355    2  0.024   0.998831
 (  0.439 ,  0.122 ,  0.000 )  355    3  0.024   0.998916
 (  0.439 ,  0.122 ,  0.000 )  355    4  0.024   0.998932
 (  0.439 ,  0.122 ,  0.000 )  355    5  0.024   0.998835
 (  0.439 ,  0.122 ,  0.000 )  355    6  0.024   0.998988
 (  0.439 ,  0.122 ,  0.000 )  355    7  0.024   0.999167
 (  0.439 ,  0.122 ,  0.000 )  355    8  0.024   0.999430
 (  0.444 ,  0.111 ,  0.000 )  355    1  0.028   0.998018
 (  0.444 ,  0.111 ,  0.000 )  355    2  0.028   0.998109
 (  0.444 ,  0.111 ,  0.000 )  355    3  0.028   0.998520
 (  0.444 ,  0.111 ,  0.000 )  355    4  0.028   0.998691
 (  0.444 ,  0.111 ,  0.000 )  355    5  0.028   0.998602
 (  0.444 ,  0.111 ,  0.000 )  355    6  0.028   0.998512
 (  0.444 ,  0.111 ,  0.000 )  355    7  0.028   0.997310
 (  0.444 ,  0.111 ,  0.000 )  355    8  0.028   0.997435
 (  0.450 ,  0.100 ,  0.000 )  253    1  0.017   0.998970
 (  0.450 ,  0.100 ,  0.000 )  253    2  0.017   0.999038
 (  0.450 ,  0.100 ,  0.000 )  253    3  0.017   0.999196
 (  0.450 ,  0.100 ,  0.000 )  253    4  0.017   0.999442
 (  0.450 ,  0.100 ,  0.000 )  253    5  0.017   0.999773
 (  0.450 ,  0.100 ,  0.000 )  253    6  0.017   0.999450
 (  0.450 ,  0.100 ,  0.000 )  253    7  0.017   0.997244
 (  0.450 ,  0.100 ,  0.000 )  253    8  0.017   0.997073
 (  0.456 ,  0.089 ,  0.000 )  253    1  0.006   0.999883
 (  0.456 ,  0.089 ,  0.000 )  253    2  0.006   0.999892
 (  0.456 ,  0.089 ,  0.000 )  253    3  0.006   0.999905
 (  0.456 ,  0.089 ,  0.000 )  253    4  0.006   0.999923
 (  0.456 ,  0.089 ,  0.000 )  253    5  0.006   0.999981
 (  0.456 ,  0.089 ,  0.000 )  253    6  0.006   0.999957
 (  0.456 ,  0.089 ,  0.000 )  253    7  0.006   0.999694
 (  0.456 ,  0.089 ,  0.000 )  253    8  0.006   0.999678
 (  0.461 ,  0.078 ,  0.000 )  253    1  0.006   0.999881
 (  0.461 ,  0.078 ,  0.000 )  253    2  0.006   0.999890
 (  0.461 ,  0.078 ,  0.000 )  253    3  0.006   0.999902
 (  0.461 ,  0.078 ,  0.000 )  253    4  0.006   0.999913
 (  0.461 ,  0.078 ,  0.000 )  253    5  0.006   0.999984
 (  0.461 ,  0.078 ,  0.000 )  253    6  0.006   0.999969
 (  0.461 ,  0.078 ,  0.000 )  253    7  0.006   0.999695
 (  0.461 ,  0.078 ,  0.000 )  253    8  0.006   0.999681
 (  0.467 ,  0.067 ,  0.000 )  253    1  0.017   0.998908
 (  0.467 ,  0.067 ,  0.000 )  253    2  0.017   0.998993
 (  0.467 ,  0.067 ,  0.000 )  253    3  0.017   0.999104
 (  0.467 ,  0.067 ,  0.000 )  253    4  0.017   0.999177
 (  0.467 ,  0.067 ,  0.000 )  253    5  0.017   0.999867
 (  0.467 ,  0.067 ,  0.000 )  253    6  0.017   0.999789
 (  0.467 ,  0.067 ,  0.000 )  253    7  0.017   0.997269
 (  0.467 ,  0.067 ,  0.000 )  253    8  0.017   0.997156
 (  0.472 ,  0.056 ,  0.000 )  253    1  0.028   0.996903
 (  0.472 ,  0.056 ,  0.000 )  253    2  0.028   0.997149
 (  0.472 ,  0.056 ,  0.000 )  253    3  0.028   0.997489
 (  0.472 ,  0.056 ,  0.000 )  253    4  0.028   0.997660
 (  0.472 ,  0.056 ,  0.000 )  253    5  0.028   0.999648
 (  0.472 ,  0.056 ,  0.000 )  253    6  0.028   0.999523
 (  0.472 ,  0.056 ,  0.000 )  253    7  0.028   0.992450
 (  0.472 ,  0.056 ,  0.000 )  253    8  0.028   0.992189
 (  0.478 ,  0.044 ,  0.000 )  139    1  0.024   0.998943
 (  0.478 ,  0.044 ,  0.000 )  139    2  0.024   0.998917
 (  0.478 ,  0.044 ,  0.000 )  139    3  0.024   0.999233
 (  0.478 ,  0.044 ,  0.000 )  139    4  0.024   0.999154
 (  0.478 ,  0.044 ,  0.000 )  139    5  0.024   0.998501
 (  0.478 ,  0.044 ,  0.000 )  139    6  0.024   0.998372
 (  0.478 ,  0.044 ,  0.000 )  139    7  0.024   0.999614
 (  0.478 ,  0.044 ,  0.000 )  139    8  0.024   0.999773
 (  0.483 ,  0.033 ,  0.000 )  139    1  0.025   0.998690
 (  0.483 ,  0.033 ,  0.000 )  139    2  0.025   0.998683
 (  0.483 ,  0.033 ,  0.000 )  139    3  0.025   0.999027
 (  0.483 ,  0.033 ,  0.000 )  139    4  0.025   0.998986
 (  0.483 ,  0.033 ,  0.000 )  139    5  0.025   0.998454
 (  0.483 ,  0.033 ,  0.000 )  139    6  0.025   0.998352
 (  0.483 ,  0.033 ,  0.000 )  139    7  0.025   0.999047
 (  0.483 ,  0.033 ,  0.000 )  139    8  0.025   0.999201
 (  0.489 ,  0.022 ,  0.000 )   37    1  0.022   0.998157
 (  0.489 ,  0.022 ,  0.000 )   37    2  0.022   0.997127
 (  0.489 ,  0.022 ,  0.000 )   37    3  0.022   0.999347
 (  0.489 ,  0.022 ,  0.000 )   37    4  0.022   0.998313
 (  0.489 ,  0.022 ,  0.000 )   37    5  0.022   0.999769
 (  0.489 ,  0.022 ,  0.000 )   37    6  0.022   0.999824
 (  0.489 ,  0.022 ,  0.000 )   37    7  0.022   0.995297
 (  0.489 ,  0.022 ,  0.000 )   37    8  0.022   0.995242
 (  0.494 ,  0.011 ,  0.000 )   37    1  0.011   0.999531
 (  0.494 ,  0.011 ,  0.000 )   37    2  0.011   0.999513
 (  0.494 ,  0.011 ,  0.000 )   37    3  0.011   0.999601
 (  0.494 ,  0.011 ,  0.000 )   37    4  0.011   0.999583
 (  0.494 ,  0.011 ,  0.000 )   37    5  0.011   0.999948
 (  0.494 ,  0.011 ,  0.000 )   37    6  0.011   0.999955
 (  0.494 ,  0.011 ,  0.000 )   37    7  0.011   0.998820
 (  0.494 ,  0.011 ,  0.000 )   37    8  0.011   0.998813
 (  0.500 , -0.000 ,  0.000 )   37    1  0.000   1.000000
 (  0.500 , -0.000 ,  0.000 )   37    2  0.000   1.000000
 (  0.500 , -0.000 ,  0.000 )   37    3  0.000   1.000000
 (  0.500 , -0.000 ,  0.000 )   37    4  0.000   1.000000
 (  0.500 , -0.000 ,  0.000 )   37    5  0.000   1.000000
 (  0.500 , -0.000 ,  0.000 )   37    6  0.000   1.000000
 (  0.500 , -0.000 ,  0.000 )   37    7  0.000   1.000000
 (  0.500 , -0.000 ,  0.000 )   37    8  0.000   1.000000
 (  0.506 , -0.011 ,  0.000 )   37    1  0.011   0.999531
 (  0.506 , -0.011 ,  0.000 )   37    2  0.011   0.999513
 (  0.506 , -0.011 ,  0.000 )   37    3  0.011   0.999601
 (  0.506 , -0.011 ,  0.000 )   37    4  0.011   0.999583
 (  0.506 , -0.011 ,  0.000 )   37    5  0.011   0.999948
 (  0.506 , -0.011 ,  0.000 )   37    6  0.011   0.999955
 (  0.506 , -0.011 ,  0.000 )   37    7  0.011   0.998820
 (  0.506 , -0.011 ,  0.000 )   37    8  0.011   0.998813
 (  0.511 , -0.022 ,  0.000 )   37    1  0.022   0.998157
 (  0.511 , -0.022 ,  0.000 )   37    2  0.022   0.997127
 (  0.511 , -0.022 ,  0.000 )   37    3  0.022   0.999347
 (  0.511 , -0.022 ,  0.000 )   37    4  0.022   0.998313
 (  0.511 , -0.022 ,  0.000 )   37    5  0.022   0.999769
 (  0.511 , -0.022 ,  0.000 )   37    6  0.022   0.999824
 (  0.511 , -0.022 ,  0.000 )   37    7  0.022   0.995297
 (  0.511 , -0.022 ,  0.000 )   37    8  0.022   0.995242
 (  0.517 , -0.033 ,  0.000 )  136    1  0.025   0.998690
 (  0.517 , -0.033 ,  0.000 )  136    2  0.025   0.998683
 (  0.517 , -0.033 ,  0.000 )  136    3  0.025   0.999027
 (  0.517 , -0.033 ,  0.000 )  136    4  0.025   0.998986
 (  0.517 , -0.033 ,  0.000 )  136    5  0.025   0.998454
 (  0.517 , -0.033 ,  0.000 )  136    6  0.025   0.998352
 (  0.517 , -0.033 ,  0.000 )  136    7  0.025   0.999047
 (  0.517 , -0.033 ,  0.000 )  136    8  0.025   0.999201
 (  0.522 , -0.044 ,  0.000 )  136    1  0.024   0.998943
 (  0.522 , -0.044 ,  0.000 )  136    2  0.024   0.998917
 (  0.522 , -0.044 ,  0.000 )  136    3  0.024   0.999233
 (  0.522 , -0.044 ,  0.000 )  136    4  0.024   0.999154
 (  0.522 , -0.044 ,  0.000 )  136    5  0.024   0.998501
 (  0.522 , -0.044 ,  0.000 )  136    6  0.024   0.998372
 (  0.522 , -0.044 ,  0.000 )  136    7  0.024   0.999614
 (  0.522 , -0.044 ,  0.000 )  136    8  0.024   0.999773
 (  0.528 , -0.056 ,  0.000 )  256    1  0.028   0.996903
 (  0.528 , -0.056 ,  0.000 )  256    2  0.028   0.997149
 (  0.528 , -0.056 ,  0.000 )  256    3  0.028   0.997489
 (  0.528 , -0.056 ,  0.000 )  256    4  0.028   0.997660
 (  0.528 , -0.056 ,  0.000 )  256    5  0.028   0.999648
 (  0.528 , -0.056 ,  0.000 )  256    6  0.028   0.999523
 (  0.528 , -0.056 ,  0.000 )  256    7  0.028   0.992450
 (  0.528 , -0.056 ,  0.000 )  256    8  0.028   0.992189
 (  0.533 , -0.067 ,  0.000 )  256    1  0.017   0.998908
 (  0.533 , -0.067 ,  0.000 )  256    2  0.017   0.998993
 (  0.533 , -0.067 ,  0.000 )  256    3  0.017   0.999104
 (  0.533 , -0.067 ,  0.000 )  256    4  0.017   0.999177
 (  0.533 , -0.067 ,  0.000 )  256    5  0.017   0.999867
 (  0.533 , -0.067 ,  0.000 )  256    6  0.017   0.999789
 (  0.533 , -0.067 ,  0.000 )  256    7  0.017   0.997269
 (  0.533 , -0.067 ,  0.000 )  256    8  0.017   0.997156
 (  0.539 , -0.078 ,  0.000 )  256    1  0.006   0.999881
 (  0.539 , -0.078 ,  0.000 )  256    2  0.006   0.999890
 (  0.539 , -0.078 ,  0.000 )  256    3  0.006   0.999902
 (  0.539 , -0.078 ,  0.000 )  256    4  0.006   0.999913
 (  0.539 , -0.078 ,  0.000 )  256    5  0.006   0.999984
 (  0.539 , -0.078 ,  0.000 )  256    6  0.006   0.999969
 (  0.539 , -0.078 ,  0.000 )  256    7  0.006   0.999695
 (  0.539 , -0.078 ,  0.000 )  256    8  0.006   0.999681
 (  0.544 , -0.089 ,  0.000 )  256    1  0.006   0.999883
 (  0.544 , -0.089 ,  0.000 )  256    2  0.006   0.999892
 (  0.544 , -0.089 ,  0.000 )  256    3  0.006   0.999905
 (  0.544 , -0.089 ,  0.000 )  256    4  0.006   0.999923
 (  0.544 , -0.089 ,  0.000 )  256    5  0.006   0.999981
 (  0.544 , -0.089 ,  0.000 )  256    6  0.006   0.999957
 (  0.544 , -0.089 ,  0.000 )  256    7  0.006   0.999694
 (  0.544 , -0.089 ,  0.000 )  256    8  0.006   0.999678
 (  0.550 , -0.100 ,  0.000 )  256    1  0.017   0.998970
 (  0.550 , -0.100 ,  0.000 )  256    2  0.017   0.999038
 (  0.550 , -0.100 ,  0.000 )  256    3  0.017   0.999196
 (  0.550 , -0.100 ,  0.000 )  256    4  0.017   0.999442
 (  0.550 , -0.100 ,  0.000 )  256    5  0.017   0.999773
 (  0.550 , -0.100 ,  0.000 )  256    6  0.017   0.999450
 (  0.550 , -0.100 ,  0.000 )  256    7  0.017   0.997244
 (  0.550 , -0.100 ,  0.000 )  256    8  0.017   0.997073
 (  0.556 , -0.111 ,  0.000 )  352    1  0.028   0.998018
 (  0.556 , -0.111 ,  0.000 )  352    2  0.028   0.998109
 (  0.556 , -0.111 ,  0.000 )  352    3  0.028   0.998520
 (  0.556 , -0.111 ,  0.000 )  352    4  0.028   0.998691
 (  0.556 , -0.111 ,  0.000 )  352    5  0.028   0.998602
 (  0.556 , -0.111 ,  0.000 )  352    6  0.028   0.998512
 (  0.556 , -0.111 ,  0.000 )  352    7  0.028   0.997310
 (  0.556 , -0.111 ,  0.000 )  352    8  0.028   0.997435
 (  0.561 , -0.122 ,  0.000 )  352    1  0.024   0.998776
 (  0.561 , -0.122 ,  0.000 )  352    2  0.024   0.998831
 (  0.561 , -0.122 ,  0.000 )  352    3  0.024   0.998916
 (  0.561 , -0.122 ,  0.000 )  352    4  0.024   0.998932
 (  0.561 , -0.122 ,  0.000 )  352    5  0.024   0.998835
 (  0.561 , -0.122 ,  0.000 )  352    6  0.024   0.998988
 (  0.561 , -0.122 ,  0.000 )  352    7  0.024   0.999167
 (  0.561 , -0.122 ,  0.000 )  352    8  0.024   0.999430
 (  0.567 , -0.133 ,  0.000 )  352    1  0.025   0.998596
 (  0.567 , -0.133 ,  0.000 )  352    2  0.025   0.998667
 (  0.567 , -0.133 ,  0.000 )  352    3  0.025   0.998868
 (  0.567 , -0.133 ,  0.000 )  352    4  0.025   0.998809
 (  0.567 , -0.133 ,  0.000 )  352    5  0.025   0.998593
 (  0.567 , -0.133 ,  0.000 )  352    6  0.025   0.998586
 (  0.567 , -0.133 ,  0.000 )  352    7  0.025   0.998508
 (  0.567 , -0.133 ,  0.000 )  352    8  0.025   0.998699
 (  0.572 , -0.144 ,  0.000 )  436    1  0.022   0.998107
 (  0.572 , -0.144 ,  0.000 )  436    2  0.022   0.998218
 (  0.572 , -0.144 ,  0.000 )  436    3  0.022   0.999665
 (  0.572 , -0.144 ,  0.000 )  436    4  0.022   0.999743
 (  0.572 , -0.144 ,  0.000 )  436    5  0.022   0.997675
 (  0.572 , -0.144 ,  0.000 )  436    6  0.022   0.996471
 (  0.572 , -0.144 ,  0.000 )  436    7  0.022   0.994745
 (  0.572 , -0.144 ,  0.000 )  436    8  0.022   0.994456
 (  0.578 , -0.156 ,  0.000 )  436    1  0.011   0.999531
 (  0.578 , -0.156 ,  0.000 )  436    2  0.011   0.999558
 (  0.578 , -0.156 ,  0.000 )  436    3  0.011   0.999931
 (  0.578 , -0.156 ,  0.000 )  436    4  0.011   0.999956
 (  0.578 , -0.156 ,  0.000 )  436    5  0.011   0.999349
 (  0.578 , -0.156 ,  0.000 )  436    6  0.011   0.998999
 (  0.578 , -0.156 ,  0.000 )  436    7  0.011   0.998648
 (  0.578 , -0.156 ,  0.000 )  436    8  0.011   0.998615
 (  0.583 , -0.167 ,  0.000 )  436    1  0.000   1.000000
 (  0.583 , -0.167 ,  0.000 )  436    2  0.000   1.000000
 (  0.583 , -0.167 ,  0.000 )  436    3  0.000   1.000000
 (  0.583 , -0.167 ,  0.000 )  436    4  0.000   1.000000
 (  0.583 , -0.167 ,  0.000 )  436    5  0.000   1.000000
 (  0.583 , -0.167 ,  0.000 )  436    6  0.000   1.000000
 (  0.583 , -0.167 ,  0.000 )  436    7  0.000   1.000000
 (  0.583 , -0.167 ,  0.000 )  436    8  0.000   1.000000
 (  0.589 , -0.178 ,  0.000 )  436    1  0.011   0.999539
 (  0.589 , -0.178 ,  0.000 )  436    2  0.011   0.999566
 (  0.589 , -0.178 ,  0.000 )  436    3  0.011   0.999947
 (  0.589 , -0.178 ,  0.000 )  436    4  0.011   0.999963
 (  0.589 , -0.178 ,  0.000 )  436    5  0.011   0.999197
 (  0.589 , -0.178 ,  0.000 )  436    6  0.011   0.998756
 (  0.589 , -0.178 ,  0.000 )  436    7  0.011   0.998452
 (  0.589 , -0.178 ,  0.000 )  436    8  0.011   0.998633
 (  0.594 , -0.189 ,  0.000 )  436    1  0.022   0.998173
 (  0.594 , -0.189 ,  0.000 )  436    2  0.022   0.998279
 (  0.594 , -0.189 ,  0.000 )  436    3  0.022   0.999806
 (  0.594 , -0.189 ,  0.000 )  436    4  0.022   0.999849
 (  0.594 , -0.189 ,  0.000 )  436    5  0.022   0.996371
 (  0.594 , -0.189 ,  0.000 )  436    6  0.022   0.994728
 (  0.594 , -0.189 ,  0.000 )  436    7  0.022   0.992781
 (  0.594 , -0.189 ,  0.000 )  436    8  0.022   0.994600
 (  0.600 , -0.200 ,  0.000 )  496    1  0.025   0.998850
 (  0.600 , -0.200 ,  0.000 )  496    2  0.025   0.998871
 (  0.600 , -0.200 ,  0.000 )  496    3  0.025   0.999202
 (  0.600 , -0.200 ,  0.000 )  496    4  0.025   0.999229
 (  0.600 , -0.200 ,  0.000 )  496    5  0.025   0.994877
 (  0.600 , -0.200 ,  0.000 )  496    6  0.025   0.995984
 (  0.600 , -0.200 ,  0.000 )  496    7  0.025   0.997898
 (  0.600 , -0.200 ,  0.000 )  496    8  0.025   0.995397
 (  0.606 , -0.211 ,  0.000 )  496    1  0.024   0.999140
 (  0.606 , -0.211 ,  0.000 )  496    2  0.024   0.999141
 (  0.606 , -0.211 ,  0.000 )  496    3  0.024   0.999256
 (  0.606 , -0.211 ,  0.000 )  496    4  0.024   0.999237
 (  0.606 , -0.211 ,  0.000 )  496    5  0.024   0.997297
 (  0.606 , -0.211 ,  0.000 )  496    6  0.024   0.994969
 (  0.606 , -0.211 ,  0.000 )  496    7  0.024   0.998552
 (  0.606 , -0.211 ,  0.000 )  496    8  0.024   0.995195
 (  0.611 , -0.222 ,  0.000 )  496    1  0.028   0.998566
 (  0.611 , -0.222 ,  0.000 )  496    2  0.028   0.998596
 (  0.611 , -0.222 ,  0.000 )  496    3  0.028   0.999192
 (  0.611 , -0.222 ,  0.000 )  496    4  0.028   0.999171
 (  0.611 , -0.222 ,  0.000 )  496    5  0.028   0.995628
 (  0.611 , -0.222 ,  0.000 )  496    6  0.028   0.989820
 (  0.611 , -0.222 ,  0.000 )  496    7  0.028   0.996738
 (  0.611 , -0.222 ,  0.000 )  496    8  0.028   0.980364
 (  0.617 , -0.233 ,  0.000 )  544    1  0.017   0.999246
 (  0.617 , -0.233 ,  0.000 )  544    2  0.017   0.999225
 (  0.617 , -0.233 ,  0.000 )  544    3  0.017   0.999888
 (  0.617 , -0.233 ,  0.000 )  544    4  0.017   0.999873
 (  0.617 , -0.233 ,  0.000 )  544    5  0.017   0.996477
 (  0.617 , -0.233 ,  0.000 )  544    6  0.017   0.997500
 (  0.617 , -0.233 ,  0.000 )  544    7  0.017   0.981811
 (  0.617 , -0.233 ,  0.000 )  544    8  0.017   0.964641
 (  0.622 , -0.244 ,  0.000 )  544    1  0.006   0.999918
 (  0.622 , -0.244 ,  0.000 )  544    2  0.006   0.999916
 (  0.622 , -0.244 ,  0.000 )  544    3  0.006   0.999987
 (  0.622 , -0.244 ,  0.000 )  544    4  0.006   0.999986
 (  0.622 , -0.244 ,  0.000 )  544    5  0.006   0.999679
 (  0.622 , -0.244 ,  0.000 )  544    6  0.006   0.999743
 (  0.622 , -0.244 ,  0.000 )  544    7  0.006   0.997450
 (  0.622 , -0.244 ,  0.000 )  544    8  0.006   0.995823
 (  0.628 , -0.256 ,  0.000 )  544    1  0.006   0.999921
 (  0.628 , -0.256 ,  0.000 )  544    2  0.006   0.999919
 (  0.628 , -0.256 ,  0.000 )  544    3  0.006   0.999986
 (  0.628 , -0.256 ,  0.000 )  544    4  0.006   0.999987
 (  0.628 , -0.256 ,  0.000 )  544    5  0.006   0.999723
 (  0.628 , -0.256 ,  0.000 )  544    6  0.006   0.999751
 (  0.628 , -0.256 ,  0.000 )  544    7  0.006   0.996855
 (  0.628 , -0.256 ,  0.000 )  544    8  0.006   0.995966
 (  0.633 , -0.267 ,  0.000 )  544    1  0.017   0.999311
 (  0.633 , -0.267 ,  0.000 )  544    2  0.017   0.999298
 (  0.633 , -0.267 ,  0.000 )  544    3  0.017   0.999868
 (  0.633 , -0.267 ,  0.000 )  544    4  0.017   0.999880
 (  0.633 , -0.267 ,  0.000 )  544    5  0.017   0.997767
 (  0.633 , -0.267 ,  0.000 )  544    6  0.017   0.997840
 (  0.633 , -0.267 ,  0.000 )  544    7  0.017   0.966736
 (  0.633 , -0.267 ,  0.000 )  544    8  0.017   0.967609
 (  0.639 , -0.278 ,  0.000 )  544    1  0.028   0.998154
 (  0.639 , -0.278 ,  0.000 )  544    2  0.028   0.998129
 (  0.639 , -0.278 ,  0.000 )  544    3  0.028   0.999605
 (  0.639 , -0.278 ,  0.000 )  544    4  0.028   0.999655
 (  0.639 , -0.278 ,  0.000 )  544    5  0.028   0.994315
 (  0.639 , -0.278 ,  0.000 )  544    6  0.028   0.994220
 (  0.639 , -0.278 ,  0.000 )  544    7  0.028   0.923483
 (  0.639 , -0.278 ,  0.000 )  544    8  0.028   0.899775
 (  0.644 , -0.289 ,  0.000 )  568    1  0.024   0.999216
 (  0.644 , -0.289 ,  0.000 )  568    2  0.024   0.999209
 (  0.644 , -0.289 ,  0.000 )  568    3  0.024   0.999474
 (  0.644 , -0.289 ,  0.000 )  568    4  0.024   0.999431
 (  0.644 , -0.289 ,  0.000 )  568    5  0.024   0.997747
 (  0.644 , -0.289 ,  0.000 )  568    6  0.024   0.997449
 (  0.644 , -0.289 ,  0.000 )  568    7  0.024   0.989708
 (  0.644 , -0.289 ,  0.000 )  568    8  0.024   0.974840
 (  0.650 , -0.300 ,  0.000 )  568    1  0.025   0.999065
 (  0.650 , -0.300 ,  0.000 )  568    2  0.025   0.999081
 (  0.650 , -0.300 ,  0.000 )  568    3  0.025   0.999454
 (  0.650 , -0.300 ,  0.000 )  568    4  0.025   0.999432
 (  0.650 , -0.300 ,  0.000 )  568    5  0.025   0.997458
 (  0.650 , -0.300 ,  0.000 )  568    6  0.025   0.997131
 (  0.650 , -0.300 ,  0.000 )  568    7  0.025   0.987527
 (  0.650 , -0.300 ,  0.000 )  568    8  0.025   0.966349
 (  0.656 , -0.311 ,  0.000 )  576    1  0.022   0.999211
 (  0.656 , -0.311 ,  0.000 )  576    2  0.022   0.999254
 (  0.656 , -0.311 ,  0.000 )  576    3  0.022   0.999680
 (  0.656 , -0.311 ,  0.000 )  576    4  0.022   0.999695
 (  0.656 , -0.311 ,  0.000 )  576    5  0.022   0.997564
 (  0.656 , -0.311 ,  0.000 )  576    6  0.022   0.997377
 (  0.656 , -0.311 ,  0.000 )  576    7  0.022   0.990763
 (  0.656 , -0.311 ,  0.000 )  576    8  0.022   0.974135
 (  0.661 , -0.322 ,  0.000 )  576    1  0.011   0.999813
 (  0.661 , -0.322 ,  0.000 )  576    2  0.011   0.999820
 (  0.661 , -0.322 ,  0.000 )  576    3  0.011   0.999916
 (  0.661 , -0.322 ,  0.000 )  576    4  0.011   0.999920
 (  0.661 , -0.322 ,  0.000 )  576    5  0.011   0.999414
 (  0.661 , -0.322 ,  0.000 )  576    6  0.011   0.999364
 (  0.661 , -0.322 ,  0.000 )  576    7  0.011   0.997862
 (  0.661 , -0.322 ,  0.000 )  576    8  0.011   0.994233
 (  0.667 , -0.333 ,  0.000 )  576    1  0.000   1.000000
 (  0.667 , -0.333 ,  0.000 )  576    2  0.000   1.000000
 (  0.667 , -0.333 ,  0.000 )  576    3  0.000   1.000000
 (  0.667 , -0.333 ,  0.000 )  576    4  0.000   1.000000
 (  0.667 , -0.333 ,  0.000 )  576    5  0.000   1.000000
 (  0.667 , -0.333 ,  0.000 )  576    6  0.000   1.000000
 (  0.667 , -0.333 ,  0.000 )  576    7  0.000   1.000000
 (  0.667 , -0.333 ,  0.000 )  576    8  0.000   1.000000
 (  0.644 , -0.322 ,  0.000 )  576    1  0.022   0.999373
 (  0.644 , -0.322 ,  0.000 )  576    2  0.022   0.999353
 (  0.644 , -0.322 ,  0.000 )  576    3  0.022   0.999605
 (  0.644 , -0.322 ,  0.000 )  576    4  0.022   0.999598
 (  0.644 , -0.322 ,  0.000 )  576    5  0.022   0.997873
 (  0.644 , -0.322 ,  0.000 )  576    6  0.022   0.997650
 (  0.644 , -0.322 ,  0.000 )  576    7  0.022   0.992003
 (  0.644 , -0.322 ,  0.000 )  576    8  0.022   0.979223
 (  0.622 , -0.311 ,  0.000 )  574    1  0.024   0.998874
 (  0.622 , -0.311 ,  0.000 )  574    2  0.024   0.998935
 (  0.622 , -0.311 ,  0.000 )  574    3  0.024   0.999645
 (  0.622 , -0.311 ,  0.000 )  574    4  0.024   0.999635
 (  0.622 , -0.311 ,  0.000 )  574    5  0.024   0.996582
 (  0.622 , -0.311 ,  0.000 )  574    6  0.024   0.996388
 (  0.622 , -0.311 ,  0.000 )  574    7  0.024   0.982567
 (  0.622 , -0.311 ,  0.000 )  574    8  0.024   0.945809
 (  0.600 , -0.300 ,  0.000 )  561    1  0.017   0.999669
 (  0.600 , -0.300 ,  0.000 )  561    2  0.017   0.999624
 (  0.600 , -0.300 ,  0.000 )  561    3  0.017   0.999725
 (  0.600 , -0.300 ,  0.000 )  561    4  0.017   0.999717
 (  0.600 , -0.300 ,  0.000 )  561    5  0.017   0.998814
 (  0.600 , -0.300 ,  0.000 )  561    6  0.017   0.998481
 (  0.600 , -0.300 ,  0.000 )  561    7  0.017   0.981029
 (  0.600 , -0.300 ,  0.000 )  561    8  0.017   0.954625
 (  0.578 , -0.289 ,  0.000 )  561    1  0.006   0.999966
 (  0.578 , -0.289 ,  0.000 )  561    2  0.006   0.999960
 (  0.578 , -0.289 ,  0.000 )  561    3  0.006   0.999967
 (  0.578 , -0.289 ,  0.000 )  561    4  0.006   0.999966
 (  0.578 , -0.289 ,  0.000 )  561    5  0.006   0.999840
 (  0.578 , -0.289 ,  0.000 )  561    6  0.006   0.999754
 (  0.578 , -0.289 ,  0.000 )  561    7  0.006   0.995049
 (  0.578 , -0.289 ,  0.000 )  561    8  0.006   0.996791
 (  0.556 , -0.278 ,  0.000 )  556    1  0.028   0.997690
 (  0.556 , -0.278 ,  0.000 )  556    2  0.028   0.997669
 (  0.556 , -0.278 ,  0.000 )  556    3  0.028   0.999440
 (  0.556 , -0.278 ,  0.000 )  556    4  0.028   0.999312
 (  0.556 , -0.278 ,  0.000 )  556    5  0.028   0.991545
 (  0.556 , -0.278 ,  0.000 )  556    6  0.028   0.988371
 (  0.556 , -0.278 ,  0.000 )  556    7  0.028   0.941658
 (  0.556 , -0.278 ,  0.000 )  556    8  0.028   0.906427
 (  0.533 , -0.267 ,  0.000 )  556    1  0.025   0.997771
 (  0.533 , -0.267 ,  0.000 )  556    2  0.025   0.997751
 (  0.533 , -0.267 ,  0.000 )  556    3  0.025   0.999328
 (  0.533 , -0.267 ,  0.000 )  556    4  0.025   0.999482
 (  0.533 , -0.267 ,  0.000 )  556    5  0.025   0.989366
 (  0.533 , -0.267 ,  0.000 )  556    6  0.025   0.966334
 (  0.533 , -0.267 ,  0.000 )  556    7  0.025   0.979225
 (  0.533 , -0.267 ,  0.000 )  556    8  0.025   0.950510
 (  0.511 , -0.256 ,  0.000 )  525    1  0.011   0.999692
 (  0.511 , -0.256 ,  0.000 )  525    2  0.011   0.999671
 (  0.511 , -0.256 ,  0.000 )  525    3  0.011   0.999824
 (  0.511 , -0.256 ,  0.000 )  525    4  0.011   0.999831
 (  0.511 , -0.256 ,  0.000 )  525    5  0.011   0.998032
 (  0.511 , -0.256 ,  0.000 )  525    6  0.011   0.998806
 (  0.511 , -0.256 ,  0.000 )  525    7  0.011   0.999514
 (  0.511 , -0.256 ,  0.000 )  525    8  0.011   0.995756
 (  0.489 , -0.244 ,  0.000 )  525    1  0.011   0.999690
 (  0.489 , -0.244 ,  0.000 )  525    2  0.011   0.999665
 (  0.489 , -0.244 ,  0.000 )  525    3  0.011   0.999815
 (  0.489 , -0.244 ,  0.000 )  525    4  0.011   0.999823
 (  0.489 , -0.244 ,  0.000 )  525    5  0.011   0.998398
 (  0.489 , -0.244 ,  0.000 )  525    6  0.011   0.998136
 (  0.489 , -0.244 ,  0.000 )  525    7  0.011   0.998039
 (  0.489 , -0.244 ,  0.000 )  525    8  0.011   0.999539
 (  0.467 , -0.233 ,  0.000 )  520    1  0.025   0.997281
 (  0.467 , -0.233 ,  0.000 )  520    2  0.025   0.997536
 (  0.467 , -0.233 ,  0.000 )  520    3  0.025   0.999310
 (  0.467 , -0.233 ,  0.000 )  520    4  0.025   0.999470
 (  0.467 , -0.233 ,  0.000 )  520    5  0.025   0.984039
 (  0.467 , -0.233 ,  0.000 )  520    6  0.025   0.984461
 (  0.467 , -0.233 ,  0.000 )  520    7  0.025   0.988689
 (  0.467 , -0.233 ,  0.000 )  520    8  0.025   0.985711
 (  0.444 , -0.222 ,  0.000 )  520    1  0.028   0.996762
 (  0.444 , -0.222 ,  0.000 )  520    2  0.028   0.996978
 (  0.444 , -0.222 ,  0.000 )  520    3  0.028   0.998937
 (  0.444 , -0.222 ,  0.000 )  520    4  0.028   0.999113
 (  0.444 , -0.222 ,  0.000 )  520    5  0.028   0.983800
 (  0.444 , -0.222 ,  0.000 )  520    6  0.028   0.983882
 (  0.444 , -0.222 ,  0.000 )  520    7  0.028   0.988867
 (  0.444 , -0.222 ,  0.000 )  520    8  0.028   0.985524
 (  0.422 , -0.211 ,  0.000 )  471    1  0.006   0.999921
 (  0.422 , -0.211 ,  0.000 )  471    2  0.006   0.999915
 (  0.422 , -0.211 ,  0.000 )  471    3  0.006   0.999940
 (  0.422 , -0.211 ,  0.000 )  471    4  0.006   0.999942
 (  0.422 , -0.211 ,  0.000 )  471    5  0.006   0.999846
 (  0.422 , -0.211 ,  0.000 )  471    6  0.006   0.999818
 (  0.422 , -0.211 ,  0.000 )  471    7  0.006   0.999782
 (  0.422 , -0.211 ,  0.000 )  471    8  0.006   0.999740
 (  0.400 , -0.200 ,  0.000 )  471    1  0.017   0.999336
 (  0.400 , -0.200 ,  0.000 )  471    2  0.017   0.999268
 (  0.400 , -0.200 ,  0.000 )  471    3  0.017   0.999439
 (  0.400 , -0.200 ,  0.000 )  471    4  0.017   0.999464
 (  0.400 , -0.200 ,  0.000 )  471    5  0.017   0.998713
 (  0.400 , -0.200 ,  0.000 )  471    6  0.017   0.998504
 (  0.400 , -0.200 ,  0.000 )  471    7  0.017   0.997687
 (  0.400 , -0.200 ,  0.000 )  471    8  0.017   0.997021
 (  0.378 , -0.189 ,  0.000 )  466    1  0.024   0.997562
 (  0.378 , -0.189 ,  0.000 )  466    2  0.024   0.997950
 (  0.378 , -0.189 ,  0.000 )  466    3  0.024   0.999338
 (  0.378 , -0.189 ,  0.000 )  466    4  0.024   0.999472
 (  0.378 , -0.189 ,  0.000 )  466    5  0.024   0.990600
 (  0.378 , -0.189 ,  0.000 )  466    6  0.024   0.990204
 (  0.378 , -0.189 ,  0.000 )  466    7  0.024   0.975590
 (  0.378 , -0.189 ,  0.000 )  466    8  0.024   0.957165
 (  0.356 , -0.178 ,  0.000 )  399    1  0.022   0.999125
 (  0.356 , -0.178 ,  0.000 )  399    2  0.022   0.998917
 (  0.356 , -0.178 ,  0.000 )  399    3  0.022   0.998683
 (  0.356 , -0.178 ,  0.000 )  399    4  0.022   0.998573
 (  0.356 , -0.178 ,  0.000 )  399    5  0.022   0.998484
 (  0.356 , -0.178 ,  0.000 )  399    6  0.022   0.998213
 (  0.356 , -0.178 ,  0.000 )  399    7  0.022   0.986561
 (  0.356 , -0.178 ,  0.000 )  399    8  0.022   0.968698
 (  0.333 , -0.167 ,  0.000 )  399    1  0.000   1.000000
 (  0.333 , -0.167 ,  0.000 )  399    2  0.000   1.000000
 (  0.333 , -0.167 ,  0.000 )  399    3  0.000   1.000000
 (  0.333 , -0.167 ,  0.000 )  399    4  0.000   1.000000
 (  0.333 , -0.167 ,  0.000 )  399    5  0.000   1.000000
 (  0.333 , -0.167 ,  0.000 )  399    6  0.000   1.000000
 (  0.333 , -0.167 ,  0.000 )  399    7  0.000   1.000000
 (  0.333 , -0.167 ,  0.000 )  399    8  0.000   1.000000
 (  0.311 , -0.156 ,  0.000 )  399    1  0.022   0.999169
 (  0.311 , -0.156 ,  0.000 )  399    2  0.022   0.998871
 (  0.311 , -0.156 ,  0.000 )  399    3  0.022   0.998649
 (  0.311 , -0.156 ,  0.000 )  399    4  0.022   0.998470
 (  0.311 , -0.156 ,  0.000 )  399    5  0.022   0.998771
 (  0.311 , -0.156 ,  0.000 )  399    6  0.022   0.998415
 (  0.311 , -0.156 ,  0.000 )  399    7  0.022   0.981516
 (  0.311 , -0.156 ,  0.000 )  399    8  0.022   0.956906
 (  0.289 , -0.144 ,  0.000 )  394    1  0.024   0.998460
 (  0.289 , -0.144 ,  0.000 )  394    2  0.024   0.998864
 (  0.289 , -0.144 ,  0.000 )  394    3  0.024   0.999127
 (  0.289 , -0.144 ,  0.000 )  394    4  0.024   0.999321
 (  0.289 , -0.144 ,  0.000 )  394    5  0.024   0.990535
 (  0.289 , -0.144 ,  0.000 )  394    6  0.024   0.989388
 (  0.289 , -0.144 ,  0.000 )  394    7  0.024   0.955374
 (  0.289 , -0.144 ,  0.000 )  394    8  0.024   0.934546
 (  0.267 , -0.133 ,  0.000 )  309    1  0.017   0.999571
 (  0.267 , -0.133 ,  0.000 )  309    2  0.017   0.999380
 (  0.267 , -0.133 ,  0.000 )  309    3  0.017   0.998995
 (  0.267 , -0.133 ,  0.000 )  309    4  0.017   0.998925
 (  0.267 , -0.133 ,  0.000 )  309    5  0.017   0.999402
 (  0.267 , -0.133 ,  0.000 )  309    6  0.017   0.999142
 (  0.267 , -0.133 ,  0.000 )  309    7  0.017   0.992833
 (  0.267 , -0.133 ,  0.000 )  309    8  0.017   0.994266
 (  0.244 , -0.122 ,  0.000 )  309    1  0.006   0.999949
 (  0.244 , -0.122 ,  0.000 )  309    2  0.006   0.999932
 (  0.244 , -0.122 ,  0.000 )  309    3  0.006   0.999887
 (  0.244 , -0.122 ,  0.000 )  309    4  0.006   0.999874
 (  0.244 , -0.122 ,  0.000 )  309    5  0.006   0.999933
 (  0.244 , -0.122 ,  0.000 )  309    6  0.006   0.999906
 (  0.244 , -0.122 ,  0.000 )  309    7  0.006   0.999562
 (  0.244 , -0.122 ,  0.000 )  309    8  0.006   0.999369
 (  0.222 , -0.111 ,  0.000 )  309    1  0.028   0.998690
 (  0.222 , -0.111 ,  0.000 )  309    2  0.028   0.998374
 (  0.222 , -0.111 ,  0.000 )  309    3  0.028   0.997144
 (  0.222 , -0.111 ,  0.000 )  309    4  0.028   0.996630
 (  0.222 , -0.111 ,  0.000 )  309    5  0.028   0.998163
 (  0.222 , -0.111 ,  0.000 )  309    6  0.028   0.997518
 (  0.222 , -0.111 ,  0.000 )  309    7  0.028   0.992399
 (  0.222 , -0.111 ,  0.000 )  309    8  0.028   0.987904
 (  0.200 , -0.100 ,  0.000 )  304    1  0.025   0.999135
 (  0.200 , -0.100 ,  0.000 )  304    2  0.025   0.999084
 (  0.200 , -0.100 ,  0.000 )  304    3  0.025   0.998827
 (  0.200 , -0.100 ,  0.000 )  304    4  0.025   0.999035
 (  0.200 , -0.100 ,  0.000 )  304    5  0.025   0.985920
 (  0.200 , -0.100 ,  0.000 )  304    6  0.025   0.977738
 (  0.200 , -0.100 ,  0.000 )  304    7  0.025   0.983127
 (  0.200 , -0.100 ,  0.000 )  304    8  0.025   0.972088
 (  0.178 , -0.089 ,  0.000 )  201    1  0.011   0.999798
 (  0.178 , -0.089 ,  0.000 )  201    2  0.011   0.999772
 (  0.178 , -0.089 ,  0.000 )  201    3  0.011   0.999330
 (  0.178 , -0.089 ,  0.000 )  201    4  0.011   0.999238
 (  0.178 , -0.089 ,  0.000 )  201    5  0.011   0.999562
 (  0.178 , -0.089 ,  0.000 )  201    6  0.011   0.999397
 (  0.178 , -0.089 ,  0.000 )  201    7  0.011   0.999443
 (  0.178 , -0.089 ,  0.000 )  201    8  0.011   0.999066
 (  0.156 , -0.078 ,  0.000 )  201    1  0.011   0.999805
 (  0.156 , -0.078 ,  0.000 )  201    2  0.011   0.999792
 (  0.156 , -0.078 ,  0.000 )  201    3  0.011   0.999274
 (  0.156 , -0.078 ,  0.000 )  201    4  0.011   0.999131
 (  0.156 , -0.078 ,  0.000 )  201    5  0.011   0.999755
 (  0.156 , -0.078 ,  0.000 )  201    6  0.011   0.999503
 (  0.156 , -0.078 ,  0.000 )  201    7  0.011   0.998975
 (  0.156 , -0.078 ,  0.000 )  201    8  0.011   0.998485
 (  0.133 , -0.067 ,  0.000 )  196    1  0.025   0.999384
 (  0.133 , -0.067 ,  0.000 )  196    2  0.025   0.999305
 (  0.133 , -0.067 ,  0.000 )  196    3  0.025   0.998439
 (  0.133 , -0.067 ,  0.000 )  196    4  0.025   0.998688
 (  0.133 , -0.067 ,  0.000 )  196    5  0.025   0.986511
 (  0.133 , -0.067 ,  0.000 )  196    6  0.025   0.981352
 (  0.133 , -0.067 ,  0.000 )  196    7  0.025   0.975223
 (  0.133 , -0.067 ,  0.000 )  196    8  0.025   0.946201
 (  0.111 , -0.056 ,  0.000 )   75    1  0.028   0.998923
 (  0.111 , -0.056 ,  0.000 )   75    2  0.028   0.998662
 (  0.111 , -0.056 ,  0.000 )   75    3  0.028   0.996370
 (  0.111 , -0.056 ,  0.000 )   75    4  0.028   0.993644
 (  0.111 , -0.056 ,  0.000 )   75    5  0.028   0.999143
 (  0.111 , -0.056 ,  0.000 )   75    6  0.028   0.998384
 (  0.111 , -0.056 ,  0.000 )   75    7  0.028   0.902702
 (  0.111 , -0.056 ,  0.000 )   75    8  0.028   0.794351
 (  0.089 , -0.044 ,  0.000 )   75    1  0.006   0.999960
 (  0.089 , -0.044 ,  0.000 )   75    2  0.006   0.999951
 (  0.089 , -0.044 ,  0.000 )   75    3  0.006   0.999842
 (  0.089 , -0.044 ,  0.000 )   75    4  0.006   0.999746
 (  0.089 , -0.044 ,  0.000 )   75    5  0.006   0.999929
 (  0.089 , -0.044 ,  0.000 )   75    6  0.006   0.999919
 (  0.089 , -0.044 ,  0.000 )   75    7  0.006   0.995690
 (  0.089 , -0.044 ,  0.000 )   75    8  0.006   0.994270
 (  0.067 , -0.033 ,  0.000 )   75    1  0.017   0.999658
 (  0.067 , -0.033 ,  0.000 )   75    2  0.017   0.999599
 (  0.067 , -0.033 ,  0.000 )   75    3  0.017   0.998514
 (  0.067 , -0.033 ,  0.000 )   75    4  0.017   0.997891
 (  0.067 , -0.033 ,  0.000 )   75    5  0.017   0.998761
 (  0.067 , -0.033 ,  0.000 )   75    6  0.017   0.998992
 (  0.067 , -0.033 ,  0.000 )   75    7  0.017   0.972158
 (  0.067 , -0.033 ,  0.000 )   75    8  0.017   0.977399
 (  0.044 , -0.022 ,  0.000 )   70    1  0.024   0.999272
 (  0.044 , -0.022 ,  0.000 )   70    2  0.024   0.999354
 (  0.044 , -0.022 ,  0.000 )   70    3  0.024   0.997610
 (  0.044 , -0.022 ,  0.000 )   70    4  0.024   0.997894
 (  0.044 , -0.022 ,  0.000 )   70    5  0.024   0.996719
 (  0.044 , -0.022 ,  0.000 )   70    6  0.024   0.995808
 (  0.044 , -0.022 ,  0.000 )   70    7  0.024   0.996986
 (  0.044 , -0.022 ,  0.000 )   70    8  0.024   0.993694
 (  0.022 , -0.011 ,  0.000 )    1    1  0.022   0.999440
 (  0.022 , -0.011 ,  0.000 )    1    2  0.022   0.999395
 (  0.022 , -0.011 ,  0.000 )    1    3  0.022   0.997976
 (  0.022 , -0.011 ,  0.000 )    1    4  0.022   0.997796
 (  0.022 , -0.011 ,  0.000 )    1    5  0.022   0.997567
 (  0.022 , -0.011 ,  0.000 )    1    6  0.022   0.997676
 (  0.022 , -0.011 ,  0.000 )    1    7  0.022   0.998599
 (  0.022 , -0.011 ,  0.000 )    1    8  0.022   0.999285
 (  0.000 ,  0.000 ,  0.000 )    1    1  0.000   1.000000
 (  0.000 ,  0.000 ,  0.000 )    1    2  0.000   1.000000
 (  0.000 ,  0.000 ,  0.000 )    1    3  0.000   1.000000
 (  0.000 ,  0.000 ,  0.000 )    1    4  0.000   1.000000
 (  0.000 ,  0.000 ,  0.000 )    1    5  0.000   1.000000
 (  0.000 ,  0.000 ,  0.000 )    1    6  0.000   1.000000
 (  0.000 ,  0.000 ,  0.000 )    1    7  0.000   1.000000
 (  0.000 ,  0.000 ,  0.000 )    1    8  0.000   1.000000
